   1           "sp"  432  2654.459473
   2        "u-w+a"   36  131.522110 466.330078 158.015396
   3        "k-o+m"   18   32.062500 144.039490 162.703232
   4        "a-d+u"   18   22.606483  56.038563  22.486124
   5        "k-t+r"    9   56.833004  13.874044   9.097863
   6        "n-a+r"   18   28.449017  18.284542  23.616821
   7        "a-i+b"    9   98.828552 159.095428  16.685465
   8        "n-f+o"    9   23.087757  54.153145  80.376297
   9        "a-l+p"   18  107.629211 122.976143 186.515900
  10        "a-n+a"   36  127.518257 125.661133  62.877926
  11        "a-n+g"   18   40.189850  25.765965  44.873470
  12        "a-p+a"  108  1509.092163 125.395050 119.907494
  13        "a-p+r"   36  282.080353  60.724960  84.912239
  14        "a-r+a"   18   82.110100 236.247101  94.269386
  15        "a-r+s"   18   57.467571 133.775711  65.740120
  16        "a-t+i"    9  124.087044  17.461702  22.699596
  17        "d-e+k"   18   45.911613  85.296593 133.487442
  18        "d-i+m"   36  106.296257 528.782471  74.269005
  19         "sy+a"   18  473.700928  99.331200  50.797188
  20        "d-o+s"   18  112.335068 111.383049  42.360844
  21        "d-u+w"   18   44.588909  73.575310  54.370537
  22        "g-a+i"    9   19.896534  14.204343  25.855467
  23        "t-e+r"    9   13.527596  17.852407  20.530567
  24        "t-i+k"    9   20.040743  48.334923  28.650408
  25        "j-a+d"   18  249.456161  32.839851  24.782021
  26        "t-r+o"    9    9.433140   9.026999  11.819845
  27        "w-a+l"   18   49.539703  27.698769  31.934902
  28        "w-a+n"   18  209.114349  23.616732  24.684229
  29        "j-i+y"   18   51.312580  24.207825  46.593719
  30        "w-i+s"   18   53.168339  72.229065 184.901093
  31          "a+l"   18   91.240051  20.966389  26.340687
  32          "a+p"   36  118.227776  56.433308 423.148590
  33          "a+r"   18  227.450714  26.047728  41.303448
  34          "a-l"   18   43.186691  93.934601 225.673508
  35          "a-n"   72  395.171753 255.110611 337.947327
  36          "a-r"   18   42.349133 148.957214 258.522797
  37          "a-t"   18  111.327568 348.277985 345.040527
  38        "m-a+n"   36   40.529411  41.067276  57.742188
  39        "m-a+t"    9    9.001628   9.002255  17.871563
  40          "d+e"   18   80.380196  51.941387  23.464670
  41          "d+i"   36  116.006485  70.150452  53.215946
  42          "d+o"   18   21.903061  38.934341  31.017307
  43          "d-a"   18  143.197327  28.048338  70.341248
  44          "d-i"   36   74.314568 304.890930 354.600281
  45          "e+l"    9   38.481129  41.661743  14.219432
  46          "e-b"   18  326.768219 110.331055 252.107040
  47          "e-l"   18   70.381424 274.634369 227.583054
  48          "e-n"   18   36.475315  31.388391  59.303986
  49          "e-r"    9   13.244223  21.091869  87.715027
  50        "m-e+l"   18   90.761551 199.343216 152.868668
  51          "g+a"    9    9.011022  13.913866  37.091812
  52          "i+m"   18  238.474869 139.160263  55.383087
  53          "i+n"    9   10.152872  11.658624  66.379318
  54          "i-b"    9   14.695202  70.433884 120.168159
  55          "j+a"   18  138.820679  42.358067 155.215958
  56        "m-i+n"   18   21.439182  18.656370  20.461575
  57          "k+a"   72  434.215179 480.782837 170.111557
  58          "k-a"    9   45.292507  14.032056  26.086502
  59          "l+e"   18   39.814621 183.523270 136.491043
  60          "n-a"   36   55.266926  36.453850  38.598179
  61          "n-g"   18  257.338806 181.358704  70.805573
  62          "o-m"   18  140.483643 246.769852  73.423851
  63          "p-a"   72  122.964104  85.913185 308.965851
  64          "r+u"   18   20.192148  19.548492  18.329924
  65          "r-o"   27  132.534760 250.054886 259.580200
  66          "s+e"   18   96.171799 117.002884  64.762352
  67          "s+i"   45  297.024414 441.014465 240.292084
  68          "u+j"   18   20.689692  33.110767  75.873993
  69          "sil"  288  2748.879395 2654.459473 13824.447266
  70          "w+i"   18   36.140228 129.380112  45.898937
  71        "p-a+n"   36   73.125916  39.322639  77.706200
  72        "p-r+o"   54  244.629913 305.442505 456.705292
  73        "s-e+m"   18  186.101837 127.776947  64.399643
  74        "s-e+n"   18   41.664700 123.279610  48.554142
  75        "s-i+k"   18   55.649136  54.560436  77.142693
  76        "s-i+s"    9   36.136238  28.616320  42.454453
  77        "s-i+y"   36  411.379822 242.538422  60.982113
  78        "f-o+r"    9   87.650795  24.500233  22.892635
  79        "s-t+e"    9   75.693665  41.247078  54.834198
  80        "s-u+d"   18  167.592773  67.833588 199.353363
  81        "i-k+a"    9   88.935951  65.261826  51.125916
  82        "i-k+o"   18  113.703995  23.673246  22.745962
  83        "i-m+a"   36  236.231903 875.737244  46.423687
  84        "i-m+e"   18  122.253929 165.399261  65.886574
  85        "i-n+a"   18  104.753922  66.988564  54.362633
  86        "i-n+f"    9   29.999933  23.956053  12.621850
  87        "i-s+t"    9   42.094826  96.292328  48.561386
  88        "i-s+u"   18  108.777985 107.369064 157.164322
  89        "i-y+a"   54  163.572952 148.554230 203.994598
  90        "l-e+b"   18   80.290421  90.695503  64.041245
  91        "l-e+k"    9   18.069017  35.524010  50.141323
  92        "y-a+n"   18   56.095718  25.806034  65.891281
  93        "y-a+p"   36   65.388374  41.205315 290.087158
  94        "l-p+r"   18  119.487328  42.969456  55.710625
  95       "sy-a+r"   18   37.861095  21.714035  55.270580
  96        "o-d+i"   36   51.053150 107.695618  67.705742
  97        "o-r+m"    9   19.761314  76.010117  12.908897
  98        "o-s+e"   18  132.905716 149.608536  57.546288
  99        "r-a+t"   18  194.640854  26.824537  30.910894
 100        "e-k+a"   18  166.464752 215.137619 101.503922
 101        "e-k+t"    9   20.036507  12.262952  37.024780
 102        "e-l+e"    9   10.824140  11.026929  18.006708
 103        "e-m+i"   18   75.180672 124.567329  23.387699
 104        "r-m+a"    9   15.918371  68.419319  10.801596
 105        "r-o+d"   36  350.442505 191.953629 162.993851
 106        "r-s+i"   18   82.408295 164.213684  78.321426
 107        "r-u+w"   18   21.755333  39.800133  48.373020
 108        "u-d+a"   18   48.371445  42.402863  40.390118
 109        "u-j+i"   18  130.537262  52.967907 147.408127
 110        "k-a+n"   18  157.342941  21.452538  48.919857
 111        "k-a+p"   72  212.118195  76.698540 116.143463
