~o
<STREAMINFO> 1 39
<VECSIZE> 39<NULLD><MFCC_D_A_0><DIAGC>
~h "a"
<BEGINHMM>
<NUMSTATES> 5
<STATE> 2
<MEAN> 39
 -1.113319e+01 1.710825e+00 -1.070831e+00 -6.624763e-01 -1.259663e-01 1.995303e-01 1.636603e+00 -3.075728e+00 -1.759366e+00 5.843416e-02 -2.070543e-02 1.465761e-01 6.495996e+01 -2.314167e-01 1.050972e-01 3.075121e-02 1.080783e-01 1.324328e-01 4.040652e-02 5.459038e-02 2.015712e-01 1.693739e-01 6.640958e-02 3.196900e-03 -1.534713e-01 -3.358442e-01 1.136661e-01 -2.684361e-02 8.794092e-02 4.719651e-02 7.886072e-02 -7.929147e-02 -9.141451e-02 -1.092760e-01 -1.659031e-01 -8.533947e-02 8.624407e-02 -5.507321e-02 1.600921e-01
<VARIANCE> 39
 6.809341e+01 3.495240e+01 2.373165e+01 3.535946e+01 2.969141e+01 2.074649e+01 2.978050e+01 3.685732e+01 3.760576e+01 2.702516e+01 3.990800e+01 2.005397e+01 1.083264e+02 7.717552e-01 1.468312e+00 8.505400e-01 9.222860e-01 1.014068e+00 1.075803e+00 1.556207e+00 1.602702e+00 1.969245e+00 1.261664e+00 1.317826e+00 1.150830e+00 1.485873e+00 2.053234e-01 2.742420e-01 1.859151e-01 1.760306e-01 1.999438e-01 2.047169e-01 2.707860e-01 3.331523e-01 4.054775e-01 2.363402e-01 2.207651e-01 1.990684e-01 2.415061e-01
<GCONST> 1.017198e+02
<STATE> 3
<MEAN> 39
 -1.125304e+01 1.298722e+00 -1.081545e+00 -1.294244e+00 -3.147908e-01 -1.719926e-01 1.844241e+00 -2.478066e+00 -2.236720e+00 1.795087e-01 7.117515e-01 -4.270478e-01 6.530969e+01 1.122605e-01 2.245822e-01 1.830027e-01 1.708536e-01 2.389141e-01 -1.520414e-01 -1.214905e-01 6.430012e-02 -1.031411e-01 -7.929450e-02 1.095277e-01 -1.884686e-01 -2.547077e-02 1.334383e-01 1.371280e-02 6.772254e-02 5.443978e-02 1.062889e-02 -6.055956e-02 -5.410929e-02 -5.942131e-02 -9.366770e-02 -7.973300e-02 1.773860e-02 -7.937490e-03 1.449545e-01
<VARIANCE> 39
 7.085709e+01 3.752912e+01 2.726596e+01 3.771975e+01 3.073894e+01 2.124347e+01 3.602077e+01 3.636210e+01 3.676726e+01 3.294891e+01 4.359756e+01 1.773452e+01 9.707401e+01 1.962449e+00 2.361933e+00 1.321087e+00 1.275701e+00 1.357091e+00 1.559922e+00 2.111307e+00 2.053979e+00 2.303446e+00 1.469486e+00 1.270146e+00 1.102369e+00 2.791035e+00 3.138218e-01 3.390456e-01 2.222813e-01 2.092052e-01 2.390572e-01 2.348933e-01 3.132703e-01 3.386062e-01 4.248193e-01 2.587812e-01 2.703861e-01 2.229256e-01 3.357711e-01
<GCONST> 1.087985e+02
<STATE> 4
<MEAN> 39
 -1.143733e+01 2.817072e+00 -1.995080e+00 5.410830e-01 6.269739e-01 5.561078e-02 3.078325e+00 4.537843e-01 -1.142585e+00 2.312938e+00 3.540113e+00 2.091293e-01 6.488917e+01 -3.216287e-01 -5.660022e-03 5.203905e-02 3.107717e-02 5.750620e-02 1.283554e-01 8.356650e-02 2.053950e-01 2.168711e-01 -6.648012e-02 -3.223716e-02 1.680452e-02 -2.607145e-01 1.307726e-02 -8.434120e-02 -6.331271e-03 -2.724922e-02 -4.778662e-02 -4.315795e-02 -2.835489e-02 -6.427971e-02 -7.565042e-02 -4.151557e-02 -1.250812e-02 3.437150e-03 7.583574e-02
<VARIANCE> 39
 6.874451e+01 2.259950e+01 2.141661e+01 2.322729e+01 2.262744e+01 3.402945e+01 2.480648e+01 3.062443e+01 5.766667e+01 2.248942e+01 3.096749e+01 1.110438e+01 6.040995e+01 2.948846e+00 1.765970e+00 1.293026e+00 1.169712e+00 1.299536e+00 1.972425e+00 1.855416e+00 2.011651e+00 2.816996e+00 1.140391e+00 1.289511e+00 9.682645e-01 2.270005e+00 2.845843e-01 2.640566e-01 1.999200e-01 1.938855e-01 2.177047e-01 3.123809e-01 3.222128e-01 3.344027e-01 3.922175e-01 2.228348e-01 2.473993e-01 1.758933e-01 2.484750e-01
<GCONST> 1.044355e+02
<TRANSP> 5
 0.000000e+00 1.000000e+00 0.000000e+00 0.000000e+00 0.000000e+00
 0.000000e+00 1.676124e-01 8.323876e-01 0.000000e+00 0.000000e+00
 0.000000e+00 0.000000e+00 2.384981e-01 7.615018e-01 0.000000e+00
 0.000000e+00 0.000000e+00 0.000000e+00 7.283912e-01 2.716089e-01
 0.000000e+00 0.000000e+00 0.000000e+00 0.000000e+00 0.000000e+00
<ENDHMM>
~h "b"
<BEGINHMM>
<NUMSTATES> 5
<STATE> 2
<MEAN> 39
 -1.118540e+00 -8.657804e+00 -1.766714e+00 -7.477944e+00 -4.602294e+00 -4.434445e-01 4.659634e+00 -6.372499e+00 6.152804e-01 -1.230287e+01 -5.017672e+00 9.440556e+00 8.185883e+01 -1.487941e-02 -1.778383e-01 -3.490725e-02 -7.712794e-02 -1.900937e-01 -5.842602e-02 1.106085e-01 -2.463457e-01 -1.397675e-01 1.730861e-01 1.076992e-01 -1.203248e-02 3.945693e-02 -1.474751e-03 4.359919e-02 2.545548e-02 8.367695e-02 2.934166e-02 -1.490178e-02 -3.034933e-02 -4.637671e-02 -2.522720e-02 3.490261e-03 -6.062546e-02 -9.254929e-02 -2.636494e-02
<VARIANCE> 39
 1.326109e+01 2.611501e+01 1.281881e+01 4.758247e+01 3.094354e+01 1.945753e+01 9.840187e+00 2.211466e+01 1.412579e+01 1.934881e+01 4.129303e+01 4.797278e+01 2.969685e+01 2.340837e-01 1.200263e+00 7.695286e-01 2.621003e+00 1.096687e+00 1.667292e+00 8.483632e-01 1.107688e+00 1.077929e+00 8.377092e-01 3.705140e+00 3.763370e+00 6.041675e-01 2.919459e-02 1.247595e-01 1.216582e-01 3.223316e-01 1.464052e-01 3.215700e-01 1.452910e-01 1.625771e-01 2.211505e-01 1.732434e-01 5.448776e-01 5.406795e-01 7.551604e-02
<GCONST> 9.159361e+01
<STATE> 3
<MEAN> 39
 -1.136253e+01 1.898658e+00 5.925752e-01 1.103076e+00 1.575747e+00 2.502803e+00 4.249483e+00 -2.700310e+00 -1.173119e+00 -1.915577e+00 -1.623709e+00 -1.026714e+00 6.442104e+01 -6.581591e-01 -6.679896e-01 -6.039014e-01 -5.751078e-01 -8.911816e-01 -7.537997e-01 -5.364810e-01 -4.352291e-01 -6.062822e-02 -8.546679e-02 -5.165663e-02 -2.074437e-01 -4.846300e-01 7.345906e-02 9.776799e-02 1.091481e-01 8.135042e-02 -1.883974e-02 1.334954e-02 -6.985171e-02 7.260651e-03 -1.118010e-01 -1.413042e-01 -5.177721e-02 -6.079253e-02 2.353350e-02
<VARIANCE> 39
 5.542733e+01 5.366505e+01 1.228139e+01 2.750109e+01 4.748640e+01 2.891294e+01 1.944055e+01 6.103338e+01 3.922042e+01 2.807842e+01 3.131537e+01 1.898405e+01 1.092989e+02 5.082330e-01 6.847518e-01 8.268697e-01 1.790246e+00 1.794485e+00 1.285149e+00 1.260169e+00 1.372414e+00 1.605719e+00 1.007733e+00 1.391297e+00 1.002339e+00 3.390758e-01 7.593588e-02 1.176294e-01 1.062039e-01 1.255103e-01 1.810174e-01 1.771163e-01 2.284139e-01 2.710993e-01 2.359780e-01 1.834931e-01 3.365319e-01 2.467970e-01 4.381859e-02
<GCONST> 9.432594e+01
<STATE> 4
<MEAN> 39
 -1.971849e+01 1.167547e+00 -2.903657e+00 -1.348930e+00 -2.458178e-01 1.472370e+00 3.635542e+00 2.986713e+00 3.073380e+00 1.125276e+00 9.018520e-01 -3.403285e-01 5.840309e+01 -7.013834e-02 -5.329145e-02 -6.141472e-02 -6.064429e-02 -1.085437e-01 -8.681809e-02 -8.832243e-02 -1.339043e-02 -2.969508e-02 -6.473476e-02 -6.225807e-02 -3.705882e-02 -7.139049e-02 4.597504e-02 3.945225e-02 4.778623e-02 5.984498e-02 6.707339e-02 4.573392e-02 1.272160e-02 -5.311624e-03 -2.364510e-02 1.490536e-02 8.241234e-03 7.756169e-03 3.209330e-02
<VARIANCE> 39
 1.359184e+01 6.747635e+00 5.043923e+00 6.586165e+00 8.873729e+00 1.100470e+01 9.744272e+00 2.326511e+01 1.665465e+01 1.278148e+01 8.852838e+00 7.471285e+00 2.656324e+01 1.846869e-01 2.236547e-01 3.959950e-01 7.510045e-01 7.149709e-01 8.164052e-01 9.129322e-01 9.887692e-01 1.106755e+00 1.227071e+00 7.645932e-01 9.337767e-01 1.150245e-01 4.171718e-02 5.741369e-02 8.034085e-02 1.387696e-01 1.384377e-01 1.634094e-01 2.068757e-01 2.182550e-01 2.581759e-01 2.460178e-01 1.409088e-01 1.843678e-01 2.089136e-02
<GCONST> 6.760980e+01
<TRANSP> 5
 0.000000e+00 1.000000e+00 0.000000e+00 0.000000e+00 0.000000e+00
 0.000000e+00 9.348653e-01 6.513473e-02 0.000000e+00 0.000000e+00
 0.000000e+00 0.000000e+00 4.945013e-01 5.054988e-01 0.000000e+00
 0.000000e+00 0.000000e+00 0.000000e+00 9.194207e-01 8.057933e-02
 0.000000e+00 0.000000e+00 0.000000e+00 0.000000e+00 0.000000e+00
<ENDHMM>
~h "d"
<BEGINHMM>
<NUMSTATES> 5
<STATE> 2
<MEAN> 39
 -9.120011e+00 4.090679e+00 4.850089e+00 6.714873e+00 4.847296e+00 -6.716201e-01 -3.057678e+00 -5.203725e+00 -4.830090e+00 -2.358028e+00 1.657840e+00 -1.858950e+00 6.776097e+01 4.058711e-01 -5.932087e-01 7.486048e-01 1.138685e+00 6.226102e-01 -6.717774e-01 -1.314905e+00 -4.097398e-01 -4.244270e-01 -4.796324e-01 6.316082e-02 -3.374131e-01 7.951655e-01 4.993418e-02 -4.321465e-02 -1.052467e-01 -3.143771e-02 -5.243248e-03 -1.025150e-01 -2.100636e-02 6.101439e-02 -1.018098e-01 -1.213304e-01 -1.313911e-03 6.531435e-02 1.837112e-02
<VARIANCE> 39
 3.093867e+01 5.102380e+01 4.146656e+01 6.093850e+01 4.069676e+01 2.619229e+01 5.064119e+01 4.002094e+01 4.480673e+01 3.325497e+01 3.390253e+01 1.413271e+01 5.377902e+01 2.399584e+00 5.811291e+00 2.583629e+00 3.054969e+00 2.221561e+00 2.725685e+00 4.668901e+00 3.774897e+00 5.909193e+00 2.481218e+00 2.684690e+00 1.298156e+00 3.477621e+00 2.545728e-01 8.561908e-01 3.704055e-01 4.406047e-01 3.205477e-01 4.858696e-01 8.146536e-01 6.270323e-01 6.588045e-01 3.971861e-01 4.031116e-01 2.276608e-01 4.661492e-01
<GCONST> 1.231170e+02
<STATE> 3
<MEAN> 39
 -7.105618e+00 9.394069e-01 7.317958e+00 1.143540e+01 5.524643e+00 -5.129158e+00 -7.078585e+00 -6.334009e+00 -7.029340e+00 -4.945115e+00 1.172881e+00 -3.483674e+00 7.119014e+01 -2.579085e-01 3.723565e-01 -4.930467e-02 -1.724531e-01 -1.280569e-01 1.445757e-01 3.903318e-01 2.187517e-01 1.709703e-01 1.395969e-01 -6.810477e-02 2.048226e-02 -5.264521e-01 -4.029658e-02 3.173672e-02 -5.431624e-02 -1.508625e-01 -6.818289e-02 1.146944e-01 1.424210e-01 7.119212e-03 6.088815e-02 1.062844e-01 6.945555e-03 1.431084e-02 -4.589587e-02
<VARIANCE> 39
 2.081476e+01 4.139082e+01 5.622767e+01 9.662971e+01 4.260293e+01 2.530740e+01 4.470197e+01 3.494867e+01 6.026981e+01 4.929512e+01 8.338338e+01 1.994050e+01 4.602995e+01 4.202850e-01 1.045732e+00 9.878705e-01 1.357956e+00 6.975579e-01 1.287541e+00 1.389005e+00 1.327011e+00 2.256844e+00 9.128559e-01 1.684966e+00 8.651683e-01 7.682244e-01 6.917739e-02 1.837288e-01 1.560423e-01 2.180314e-01 1.511719e-01 2.350978e-01 2.985675e-01 2.349555e-01 3.863177e-01 1.885850e-01 2.676395e-01 1.673413e-01 9.424802e-02
<GCONST> 9.959978e+01
<STATE> 4
<MEAN> 39
 -1.606680e+01 3.959058e+00 -1.313832e-01 1.838124e+00 1.792447e+00 1.502133e+00 1.910165e+00 1.602865e+00 2.506273e+00 1.997313e+00 1.303993e+00 -3.815680e-01 6.090390e+01 -3.950322e-01 -2.907090e-02 -3.488444e-02 -1.574226e-01 -3.513471e-02 2.302475e-01 2.953281e-01 2.803844e-01 2.062040e-01 6.219391e-03 -7.155484e-02 5.526472e-02 -3.401262e-01 8.026256e-02 -2.320148e-02 4.209186e-02 1.415993e-02 -4.086534e-03 -2.464056e-02 -2.045489e-02 -7.622527e-02 -9.531962e-02 -4.824317e-02 1.389784e-02 -7.894868e-03 1.182902e-01
<VARIANCE> 39
 3.153181e+01 1.782285e+01 2.267554e+01 3.107599e+01 1.773113e+01 1.382808e+01 2.255321e+01 3.447666e+01 2.920036e+01 1.854683e+01 1.461163e+01 1.062775e+01 2.242085e+01 7.723673e-01 9.796331e-01 1.110075e+00 1.147457e+00 9.687009e-01 1.327500e+00 1.319059e+00 1.218350e+00 1.559588e+00 1.017561e+00 8.689271e-01 7.226600e-01 6.168415e-01 9.373258e-02 1.584003e-01 1.577347e-01 1.533255e-01 1.814699e-01 2.460984e-01 2.492351e-01 2.298767e-01 2.971219e-01 1.965171e-01 1.776864e-01 1.406602e-01 1.060117e-01
<GCONST> 8.870251e+01
<TRANSP> 5
 0.000000e+00 1.000000e+00 0.000000e+00 0.000000e+00 0.000000e+00
 0.000000e+00 6.600431e-01 3.399569e-01 0.000000e+00 0.000000e+00
 0.000000e+00 0.000000e+00 7.586942e-01 2.413058e-01 0.000000e+00
 0.000000e+00 0.000000e+00 0.000000e+00 8.000247e-01 1.999753e-01
 0.000000e+00 0.000000e+00 0.000000e+00 0.000000e+00 0.000000e+00
<ENDHMM>
~h "e"
<BEGINHMM>
<NUMSTATES> 5
<STATE> 2
<MEAN> 39
 -5.452315e+00 -3.575469e+00 -2.512187e+00 -5.858247e+00 -4.548272e+00 -8.657163e-01 5.056222e+00 -9.934666e+00 -5.525594e+00 1.047333e+00 -1.769905e+00 -3.700883e-01 7.537292e+01 1.084353e+00 -2.285996e-01 -2.534965e-02 4.250841e-02 -2.114441e-02 -1.257666e-01 1.749963e-01 -7.631373e-01 -5.836716e-01 1.230935e-01 -3.232646e-02 3.353035e-01 1.333645e+00 -4.536896e-02 -1.248798e-01 5.467166e-02 2.551264e-02 2.249679e-02 -9.284687e-02 -1.164831e-01 -4.284433e-02 4.951638e-02 3.890595e-02 1.040687e-01 3.726839e-02 2.300039e-02
<VARIANCE> 39
 6.504209e+01 4.487705e+01 3.239030e+01 6.503992e+01 5.607343e+01 2.402015e+01 4.525549e+01 5.013412e+01 4.355162e+01 5.489143e+01 4.560175e+01 1.648102e+01 9.912317e+01 3.401502e+00 3.838310e+00 2.442043e+00 4.407004e+00 3.005828e+00 2.533473e+00 3.180909e+00 2.286726e+00 3.428271e+00 3.037689e+00 2.848644e+00 1.242773e+00 5.337468e+00 6.220848e-01 5.081196e-01 4.157816e-01 6.179703e-01 4.702677e-01 4.041573e-01 4.440244e-01 4.121925e-01 5.654219e-01 5.904446e-01 4.489876e-01 2.701739e-01 9.474722e-01
<GCONST> 1.263516e+02
<STATE> 3
<MEAN> 39
 -3.866783e+00 -6.198608e+00 1.486932e+00 -1.504187e+00 9.011981e-01 -4.331330e-01 5.563553e-01 -1.454662e+01 -5.573401e+00 -1.913746e+00 -9.728478e-01 2.728565e+00 7.853553e+01 1.750128e-01 2.867716e-01 -1.529998e-02 7.066445e-01 3.608998e-01 -1.962312e-01 -5.230741e-01 -5.558337e-02 1.189057e-01 -3.082957e-01 -1.610973e-02 1.232248e-01 -1.158414e-01 -2.028306e-01 1.972114e-02 4.813575e-02 4.793150e-02 -2.232068e-02 5.672055e-02 -5.265093e-03 1.324635e-01 1.241652e-01 -2.454891e-02 -8.525778e-02 -1.753274e-01 -1.540234e-01
<VARIANCE> 39
 1.464674e+01 6.305968e+01 3.462698e+01 5.744682e+01 3.335983e+01 1.911818e+01 3.788976e+01 4.884655e+01 4.245779e+01 3.052393e+01 4.324080e+01 3.505967e+01 3.848716e+01 1.656596e+00 4.012066e+00 1.951287e+00 3.888273e+00 1.658216e+00 2.916388e+00 2.719208e+00 2.395637e+00 3.014668e+00 1.829679e+00 3.293289e+00 2.702875e+00 1.972032e+00 1.805425e-01 5.664814e-01 3.313119e-01 4.174647e-01 2.268319e-01 3.985800e-01 2.939357e-01 3.495074e-01 3.362300e-01 3.214115e-01 5.222563e-01 4.770372e-01 1.910957e-01
<GCONST> 1.159599e+02
<STATE> 4
<MEAN> 39
 -5.844887e+00 1.217164e+00 1.188667e+00 6.992315e+00 5.237408e+00 -2.663710e+00 -4.183934e+00 -9.802847e+00 -1.228139e+01 -1.332633e-03 7.263307e+00 -9.806991e-02 7.146979e+01 -4.085730e-01 2.708010e-01 1.027312e-01 1.132015e-01 1.172715e-01 1.319220e-01 3.492951e-02 5.662094e-01 9.479903e-01 2.242909e-01 -4.526618e-01 -3.224690e-01 -4.592856e-01 -1.633489e-01 -3.125504e-02 -6.923992e-03 -2.617791e-01 -1.216127e-01 7.004922e-02 1.092843e-01 2.165120e-01 3.268725e-01 6.362473e-02 -1.442089e-01 -3.230381e-02 -1.020584e-01
<VARIANCE> 39
 2.794924e+01 3.585289e+01 2.034659e+01 4.975570e+01 2.231418e+01 4.355949e+01 4.368724e+01 4.749548e+01 9.324015e+01 3.105156e+01 5.739164e+01 1.706828e+01 2.957134e+01 2.687609e+00 3.594991e+00 1.622478e+00 4.508342e+00 1.767688e+00 4.241544e+00 3.752750e+00 4.463640e+00 9.240665e+00 1.575438e+00 4.211739e+00 1.997066e+00 2.955859e+00 2.409661e-01 4.932670e-01 2.853668e-01 5.705181e-01 2.847940e-01 6.268640e-01 4.943752e-01 6.623073e-01 9.942432e-01 2.696515e-01 5.234648e-01 2.079668e-01 2.381513e-01
<GCONST> 1.214981e+02
<TRANSP> 5
 0.000000e+00 1.000000e+00 0.000000e+00 0.000000e+00 0.000000e+00
 0.000000e+00 6.737974e-01 3.262026e-01 0.000000e+00 0.000000e+00
 0.000000e+00 0.000000e+00 7.139930e-01 2.860071e-01 0.000000e+00
 0.000000e+00 0.000000e+00 0.000000e+00 7.615473e-01 2.384527e-01
 0.000000e+00 0.000000e+00 0.000000e+00 0.000000e+00 0.000000e+00
<ENDHMM>
~h "f"
<BEGINHMM>
<NUMSTATES> 5
<STATE> 2
<MEAN> 39
 -8.331875e+00 -7.329343e+00 1.295604e+01 1.673376e+01 1.200146e+01 -4.765136e+00 -1.249206e+01 -1.232448e+01 -4.623702e+00 -9.149508e+00 -5.171750e+00 -9.936011e+00 7.727946e+01 -2.338189e-01 -5.444153e-01 4.134985e-01 3.136767e-01 2.953290e-01 -2.324946e-01 -6.650032e-01 -1.650874e-01 1.937367e-01 3.839619e-02 -5.428989e-02 -3.511634e-01 3.196543e-01 -1.085546e-02 1.866860e-01 -1.272889e-01 -2.469677e-01 -1.253934e-01 2.295315e-01 2.662872e-01 1.113851e-01 -5.568838e-02 1.062245e-02 1.186955e-02 1.773485e-01 -1.410498e-01
<VARIANCE> 39
 4.683104e+00 3.264688e+01 3.441056e+01 1.935068e+01 1.442160e+01 8.111288e+00 2.621843e+01 1.070148e+01 1.046308e+01 1.645532e+01 2.282807e+01 1.425337e+01 1.246105e+01 2.590786e-01 3.698645e+00 3.596720e+00 2.513061e+00 1.464050e+00 1.628433e+00 4.152281e+00 9.882233e-01 2.181894e+00 5.594708e-01 2.407570e+00 1.384668e+00 1.831789e+00 7.442895e-02 4.905352e-01 4.006411e-01 2.066887e-01 3.334135e-01 1.909555e-01 6.240952e-01 1.697429e-01 5.759045e-01 1.601714e-01 5.664101e-01 1.209478e-01 2.453396e-01
<GCONST> 9.624155e+01
<STATE> 3
<MEAN> 39
 -8.226734e+00 -1.325073e+00 5.213507e+00 5.901890e+00 7.998001e+00 4.317546e+00 -3.458894e+00 -5.556542e+00 2.028826e+00 -4.085914e+00 -5.080844e+00 -3.731354e+00 7.295229e+01 -4.722900e-01 2.786294e-01 -4.118205e-01 -1.542984e+00 -1.040256e+00 1.058181e+00 1.756668e+00 9.645123e-01 6.597141e-01 4.088017e-01 -2.411182e-01 8.158494e-01 -5.521000e-01 -2.472186e-01 -2.852908e-01 1.545026e-01 -1.644008e-01 7.598379e-02 -1.832929e-01 -1.045907e-01 -1.603327e-01 -4.225818e-01 -1.863700e-01 3.404706e-01 -7.336410e-02 1.420243e-01
<VARIANCE> 39
 3.223189e+00 1.719258e+01 8.329731e+00 2.773979e+01 1.354914e+01 1.672723e+01 4.162643e+01 2.663220e+01 1.213396e+01 2.028473e+01 1.598978e+01 1.066543e+01 7.643937e+00 1.072821e+00 1.287567e+00 1.391733e+00 2.104266e+00 2.424473e+00 1.906842e+00 1.670830e+00 1.606921e+00 3.134335e+00 1.831888e+00 2.426889e+00 1.020880e+00 9.560158e-01 2.067217e-01 3.191039e-01 2.102933e-01 5.338815e-01 5.856621e-01 2.047299e-01 3.715254e-01 2.698401e-01 4.869362e-01 2.711563e-01 5.142107e-01 2.040966e-01 2.099880e-01
<GCONST> 9.760777e+01
<STATE> 4
<MEAN> 39
 -1.665533e+01 -3.029176e+00 4.462911e+00 -6.144839e+00 2.239094e+00 2.241949e+00 3.750896e-01 -6.498351e+00 -4.531095e-01 -3.361128e+00 6.450200e-02 -8.047662e-01 7.292420e+01 2.291577e-01 -3.304068e-01 -4.330436e-01 -8.656321e-01 -9.392306e-01 -9.000341e-01 2.813200e-01 -1.167590e-02 -1.676571e-02 -1.151651e-01 -3.131242e-01 1.953850e-01 5.884149e-01 5.482878e-01 7.122614e-02 -1.577395e-01 3.111034e-01 -1.180319e-01 -1.809207e-01 -1.011739e-01 -8.700700e-02 -4.999590e-02 5.108070e-02 -1.675873e-01 -1.057505e-01 1.119331e-01
<VARIANCE> 39
 6.617295e+01 3.151050e+01 1.424321e+01 3.339078e+01 5.662300e+01 3.923531e+01 2.376756e+01 2.032552e+01 8.142386e+00 2.451846e+01 2.323901e+01 1.507628e+01 1.697624e+01 1.325422e+01 5.818268e+00 1.753329e+00 5.479691e+00 3.079534e+00 5.263489e+00 1.998122e+00 2.849473e+00 1.102333e+00 3.164009e+00 2.805126e+00 1.425850e+00 1.931180e+00 1.463715e+00 1.273124e+00 3.286757e-01 8.330516e-01 6.063808e-01 9.803085e-01 4.118713e-01 5.164488e-01 2.854463e-01 4.674082e-01 3.722967e-01 2.016347e-01 4.633236e-01
<GCONST> 1.196704e+02
<TRANSP> 5
 0.000000e+00 1.000000e+00 0.000000e+00 0.000000e+00 0.000000e+00
 0.000000e+00 9.002859e-01 9.971409e-02 0.000000e+00 0.000000e+00
 0.000000e+00 0.000000e+00 8.160049e-01 1.839951e-01 0.000000e+00
 0.000000e+00 0.000000e+00 0.000000e+00 9.016818e-01 9.831822e-02
 0.000000e+00 0.000000e+00 0.000000e+00 0.000000e+00 0.000000e+00
<ENDHMM>
~h "g"
<BEGINHMM>
<NUMSTATES> 5
<STATE> 2
<MEAN> 39
 -1.222593e+00 -4.801885e+00 2.081664e-01 -6.983633e+00 -4.757173e+00 -3.880823e+00 2.264452e+00 -5.910981e+00 6.076769e-01 -1.115484e+01 -7.442163e+00 6.054998e+00 8.099356e+01 2.175109e-02 -4.311744e-02 -2.560400e-02 -2.851344e-02 -1.396197e-01 -8.173615e-02 9.217481e-02 -2.857580e-02 -1.930074e-02 4.993605e-02 -2.646765e-02 6.917503e-02 2.987390e-02 -1.200763e-02 4.432972e-03 1.297968e-02 4.741368e-02 5.037168e-02 6.084354e-02 -1.026697e-02 -2.846388e-02 -3.474061e-04 4.047885e-03 -1.236944e-02 -2.344172e-02 -1.367218e-02
<VARIANCE> 39
 5.852282e+00 5.149673e+01 1.710079e+01 3.282752e+01 2.844129e+01 6.217857e+01 3.650063e+01 1.693163e+01 2.249320e+01 1.998537e+01 3.532031e+01 4.666134e+01 1.452189e+01 3.510666e-01 1.693622e+00 1.421935e+00 2.564162e+00 1.122619e+00 3.184989e+00 1.963118e+00 9.775669e-01 1.887686e+00 1.225435e+00 2.328899e+00 2.576979e+00 7.609219e-01 6.780180e-02 1.322346e-01 1.903175e-01 3.215634e-01 1.609470e-01 4.131459e-01 2.547782e-01 1.682437e-01 3.410844e-01 2.134785e-01 3.249298e-01 3.426931e-01 9.766616e-02
<GCONST> 9.835928e+01
<STATE> 3
<MEAN> 39
 -1.739777e+00 -3.071152e+00 6.810179e-01 -1.229621e+00 -5.088772e+00 -2.620010e+00 3.524019e-01 -7.811228e+00 -1.948289e+00 -5.144205e+00 -4.840495e+00 5.229571e-01 7.776293e+01 -2.136851e-01 1.259636e-01 -9.311683e-02 4.313340e-01 9.435484e-01 3.768438e-01 -2.990530e-01 -1.745297e-01 2.931745e-02 4.144406e-01 -3.374962e-02 -2.426571e-01 -3.298176e-01 -4.450754e-02 1.663015e-01 5.056442e-02 7.227792e-02 9.999460e-02 -6.350291e-02 -6.224618e-02 6.291083e-02 -3.091778e-02 -5.361941e-02 3.377708e-02 -8.550566e-02 -1.161065e-01
<VARIANCE> 39
 1.313546e+01 3.178664e+01 2.698758e+01 1.766812e+01 3.270152e+01 2.137477e+01 2.087546e+01 4.413315e+01 1.079032e+02 3.041580e+01 1.555041e+02 9.355502e+00 3.006976e+01 1.628095e-01 1.693808e+00 9.192787e-01 8.022429e-01 8.087946e-01 1.406334e+00 1.711006e+00 1.510468e+00 1.574998e+00 1.629430e+00 2.046328e+00 1.186800e+00 7.541042e-01 2.727626e-02 1.631505e-01 1.322152e-01 1.315736e-01 1.389160e-01 2.139605e-01 2.161397e-01 2.242376e-01 2.644548e-01 2.786617e-01 4.165986e-01 2.038364e-01 8.045947e-02
<GCONST> 9.346663e+01
<STATE> 4
<MEAN> 39
 -5.422940e+00 -3.276139e+00 3.931961e+00 5.181762e+00 5.967929e+00 -2.470283e+00 -3.774658e+00 -1.156296e+01 -1.110985e+01 -5.230972e+00 2.375556e+00 -2.484712e+00 7.490543e+01 -3.908522e-02 7.410163e-02 3.667933e-02 1.074128e-01 1.437878e-01 7.480860e-02 8.569251e-02 -6.752332e-02 -2.119412e-01 5.102531e-02 1.769390e-01 -5.363343e-02 -8.958519e-02 -2.741555e-02 1.058249e-02 4.448778e-03 -4.062051e-02 -7.923357e-02 1.291429e-02 5.060124e-02 5.242316e-02 1.512644e-01 6.257173e-02 -7.810697e-02 1.599399e-02 -3.816725e-02
<VARIANCE> 39
 1.781050e+01 6.417916e+01 2.440465e+01 4.745245e+01 3.941111e+01 3.292169e+01 7.162871e+01 5.127814e+01 8.367017e+01 3.153931e+01 6.324656e+01 2.208444e+01 5.627244e+01 1.325272e+00 4.161104e+00 1.784039e+00 2.546852e+00 2.430632e+00 2.507524e+00 4.223942e+00 2.781626e+00 4.926429e+00 2.557005e+00 3.087456e+00 1.637982e+00 3.694593e+00 1.426829e-01 6.250953e-01 3.153624e-01 4.223666e-01 4.064240e-01 4.380212e-01 6.750054e-01 3.717886e-01 5.839694e-01 4.471937e-01 4.012583e-01 2.699091e-01 4.536017e-01
<GCONST> 1.213567e+02
<TRANSP> 5
 0.000000e+00 1.000000e+00 0.000000e+00 0.000000e+00 0.000000e+00
 0.000000e+00 9.588090e-01 4.119096e-02 0.000000e+00 0.000000e+00
 0.000000e+00 0.000000e+00 9.063681e-01 9.363190e-02 0.000000e+00
 0.000000e+00 0.000000e+00 0.000000e+00 9.448925e-01 5.510748e-02
 0.000000e+00 0.000000e+00 0.000000e+00 0.000000e+00 0.000000e+00
<ENDHMM>
~h "i"
<BEGINHMM>
<NUMSTATES> 5
<STATE> 2
<MEAN> 39
 -6.305435e+00 -8.736862e-01 5.963877e-01 -7.377977e-01 -1.133410e+00 -2.105813e+00 2.772734e+00 -8.175287e+00 -5.056549e+00 3.299057e-01 -7.322768e-01 -1.201596e+00 7.242742e+01 -2.350216e-01 5.798818e-01 -3.842151e-03 -3.738313e-01 -2.941247e-01 5.032121e-01 7.630783e-01 5.696962e-01 1.006974e+00 4.655434e-01 -4.811685e-01 5.984277e-02 -2.692302e-01 -1.435056e-01 -1.005258e-01 -7.434450e-02 2.570340e-02 7.875411e-03 4.775046e-02 7.967521e-03 9.234288e-02 5.027384e-02 -1.015746e-02 1.178850e-01 7.941315e-02 -1.472346e-01
<VARIANCE> 39
 5.276696e+01 8.497950e+01 4.489754e+01 7.938384e+01 6.886812e+01 3.242459e+01 1.040946e+02 5.524792e+01 3.814103e+01 4.467352e+01 4.361892e+01 2.235567e+01 1.168688e+02 4.497790e+00 2.940722e+00 2.140653e+00 2.961256e+00 2.308331e+00 2.450968e+00 5.057252e+00 2.497015e+00 3.765418e+00 2.263786e+00 1.634440e+00 1.441303e+00 7.440928e+00 3.422241e-01 3.695365e-01 2.748095e-01 2.475854e-01 2.869634e-01 3.758711e-01 5.579886e-01 2.633047e-01 3.513088e-01 3.210968e-01 3.458295e-01 1.980887e-01 5.828960e-01
<GCONST> 1.231184e+02
<STATE> 3
<MEAN> 39
 -9.847460e+00 3.315501e+00 3.642085e+00 3.818085e+00 3.568166e+00 1.346477e+00 -5.030193e-01 -5.734794e+00 -2.608638e+00 -1.597825e+00 -1.160350e+00 -1.792864e+00 6.741827e+01 -7.941712e-01 3.461024e-01 -4.408761e-01 -3.074736e-01 -1.026840e-01 6.588905e-01 9.479793e-01 9.227056e-01 8.845456e-01 3.783063e-01 1.760276e-02 4.525776e-01 -1.096546e+00 6.021878e-02 -3.307444e-01 -1.438560e-01 -7.862031e-02 -8.107800e-02 -2.369640e-01 -3.930584e-02 -6.002086e-02 -2.183734e-01 -1.243642e-02 2.064503e-01 6.600662e-02 1.552520e-01
<VARIANCE> 39
 4.071514e+01 5.427847e+01 3.135929e+01 5.130712e+01 2.584896e+01 2.970799e+01 3.419333e+01 5.021961e+01 3.848771e+01 2.796821e+01 4.137121e+01 2.774337e+01 7.147990e+01 1.339891e+00 1.686171e+00 2.764762e+00 3.050151e+00 1.699833e+00 1.823012e+00 2.643328e+00 1.435836e+00 2.774883e+00 1.669241e+00 1.433578e+00 1.255960e+00 1.228305e+00 1.628201e-01 2.164854e-01 2.668949e-01 3.054065e-01 2.135181e-01 3.929568e-01 4.151180e-01 2.493915e-01 4.500825e-01 2.634946e-01 2.595792e-01 2.301682e-01 1.353824e-01
<GCONST> 1.093408e+02
<STATE> 4
<MEAN> 39
 -1.708937e+01 2.987970e+00 -8.274080e-01 8.573610e-01 1.474091e+00 1.771441e+00 2.855693e+00 1.863781e+00 2.615628e+00 1.560433e+00 7.652040e-01 -4.768345e-01 6.058498e+01 -3.901645e-01 -2.889113e-01 -3.481719e-01 -3.399597e-01 -2.383627e-01 -2.267185e-02 1.854373e-01 2.564148e-01 2.037978e-01 1.047540e-01 4.859592e-02 1.109746e-01 -3.037019e-01 7.907136e-02 -3.642895e-02 5.263854e-02 5.392623e-02 7.955456e-03 -7.198840e-02 -8.932647e-02 -1.056762e-01 -1.429632e-01 -6.980485e-02 1.413381e-02 -5.803437e-02 9.950701e-02
<VARIANCE> 39
 3.123983e+01 1.989435e+01 1.934562e+01 2.277623e+01 1.628744e+01 1.332186e+01 1.562612e+01 3.428312e+01 2.337034e+01 1.578329e+01 1.399433e+01 1.017045e+01 2.904535e+01 4.821469e-01 6.525314e-01 9.863697e-01 1.048313e+00 8.990005e-01 1.132208e+00 1.483881e+00 1.265540e+00 1.248387e+00 1.023128e+00 8.803935e-01 8.484272e-01 3.549250e-01 8.183949e-02 1.351725e-01 1.477853e-01 1.886888e-01 1.684516e-01 2.249340e-01 2.656868e-01 2.278450e-01 2.785900e-01 2.240764e-01 1.569009e-01 1.778584e-01 5.209096e-02
<GCONST> 8.507146e+01
<TRANSP> 5
 0.000000e+00 1.000000e+00 0.000000e+00 0.000000e+00 0.000000e+00
 0.000000e+00 4.877202e-01 5.122798e-01 0.000000e+00 0.000000e+00
 0.000000e+00 0.000000e+00 3.016742e-01 6.983258e-01 0.000000e+00
 0.000000e+00 0.000000e+00 0.000000e+00 7.953765e-01 2.046234e-01
 0.000000e+00 0.000000e+00 0.000000e+00 0.000000e+00 0.000000e+00
<ENDHMM>
~h "j"
<BEGINHMM>
<NUMSTATES> 5
<STATE> 2
<MEAN> 39
 -9.156689e+00 2.418217e+00 -4.406366e+00 -3.908120e+00 -3.078628e+00 -1.465414e+00 2.515434e+00 -1.789040e+00 -2.621616e+00 2.284253e+00 2.781754e+00 -8.256676e-01 6.588164e+01 -7.694831e-01 2.903508e-01 1.308665e-01 2.714837e-01 2.073129e-01 1.529731e-01 -3.661143e-01 4.003426e-01 5.993306e-01 -2.543791e-01 3.220189e-02 1.861184e-01 -1.005727e+00 2.462305e-03 -1.792265e-01 1.474325e-01 -7.127881e-02 1.631822e-03 -1.212484e-01 9.766109e-02 -2.125727e-01 -5.632696e-02 6.226175e-02 -9.667924e-02 3.045978e-02 2.555614e-01
<VARIANCE> 39
 7.311537e+01 1.556383e+01 8.695477e+00 1.323634e+01 1.403461e+01 1.557129e+01 1.417852e+01 3.565823e+01 5.742252e+01 1.513292e+01 3.473708e+01 1.426834e+01 7.044058e+01 2.473145e+00 1.978852e+00 1.136878e+00 1.025821e+00 1.365132e+00 1.314677e+00 2.539265e+00 2.001794e+00 1.968741e+00 1.449983e+00 1.818112e+00 1.683897e+00 3.224336e+00 4.377083e-01 3.179106e-01 1.777433e-01 2.353552e-01 2.462278e-01 2.688959e-01 5.244520e-01 3.953794e-01 3.617736e-01 2.469575e-01 3.053451e-01 3.376370e-01 6.191295e-01
<GCONST> 1.049904e+02
<STATE> 3
<MEAN> 39
 -1.298833e+01 1.089411e+00 -2.229297e+00 -2.266698e+00 -8.008652e-01 -1.279383e+00 5.810736e-01 -4.500956e+00 -3.267269e+00 2.904379e-01 2.634269e+00 1.312544e-01 6.184735e+01 1.113783e+00 -1.421212e+00 1.020690e+00 -8.765261e-01 -1.135737e+00 -5.567895e-01 9.624192e-01 -1.113880e+00 -1.001305e+00 -9.426180e-01 -7.681181e-01 -1.885309e-01 3.750897e+00 5.656376e-01 -4.086109e-01 1.351286e-01 -3.776029e-01 -3.872049e-01 -9.296209e-02 4.860366e-01 3.125701e-02 -1.926812e-01 -8.108063e-02 -4.742665e-01 -8.579755e-02 1.152620e+00
<VARIANCE> 39
 5.253478e+01 1.674481e+01 9.679118e+00 1.670855e+01 2.266382e+01 2.357042e+01 2.242186e+01 2.358446e+01 3.009419e+01 1.228218e+01 2.370187e+01 8.738890e+00 7.734337e+01 5.208775e+00 3.995756e+00 1.743822e+00 5.205539e+00 3.147761e+00 3.121201e+00 6.616873e+00 2.921166e+00 5.612911e+00 3.963920e+00 5.239005e+00 1.343546e+00 1.411968e+01 8.003306e-01 3.160934e-01 3.153870e-01 4.757805e-01 5.407342e-01 4.826741e-01 6.573619e-01 5.917138e-01 4.256136e-01 5.112699e-01 7.979263e-01 2.850095e-01 1.687973e+00
<GCONST> 1.218361e+02
<STATE> 4
<MEAN> 39
 -2.847693e+00 -7.488894e+00 9.043711e-01 -1.125190e+01 -7.218380e+00 -1.463728e+00 1.057953e+01 -1.256550e+01 -7.122998e+00 2.734814e+00 -6.548159e+00 2.917051e-02 8.200615e+01 6.738302e-01 8.591776e-02 3.409283e-02 9.602702e-02 1.469045e-01 -7.927675e-02 -7.610942e-02 -2.088340e-01 2.459242e-01 2.323203e-01 -3.992868e-01 1.033680e-01 5.356973e-01 -2.639449e-01 2.649508e-01 -8.042270e-02 2.867772e-01 2.146473e-01 1.124326e-01 -2.596706e-01 1.433862e-01 2.120720e-01 -1.083855e-02 1.198516e-01 3.613014e-02 -6.311512e-01
<VARIANCE> 39
 2.634609e+01 4.418982e+01 1.119307e+01 3.570309e+01 2.408797e+01 1.925807e+01 4.973285e+01 4.069467e+01 1.655230e+01 7.000405e+01 4.252238e+01 2.090577e+01 2.984012e+01 3.245702e+00 3.488741e+00 1.560237e+00 2.788590e+00 2.065853e+00 1.779012e+00 3.787432e+00 3.771668e+00 2.664826e+00 7.880726e+00 3.677088e+00 1.383461e+00 7.891376e+00 3.533785e-01 3.997109e-01 2.902729e-01 3.294504e-01 3.126524e-01 3.799230e-01 4.299633e-01 5.143451e-01 3.351002e-01 1.414178e+00 5.101089e-01 2.144699e-01 5.811703e-01
<GCONST> 1.188700e+02
<TRANSP> 5
 0.000000e+00 1.000000e+00 0.000000e+00 0.000000e+00 0.000000e+00
 0.000000e+00 7.607951e-01 2.392049e-01 0.000000e+00 0.000000e+00
 0.000000e+00 0.000000e+00 4.776528e-01 5.223473e-01 0.000000e+00
 0.000000e+00 0.000000e+00 0.000000e+00 8.573534e-01 1.426466e-01
 0.000000e+00 0.000000e+00 0.000000e+00 0.000000e+00 0.000000e+00
<ENDHMM>
~h "k"
<BEGINHMM>
<NUMSTATES> 5
<STATE> 2
<MEAN> 39
 -1.139096e+01 -8.454523e-01 -2.181535e+00 -3.774107e+00 -8.672719e-01 5.757295e-02 2.043585e+00 -3.481603e+00 -5.737964e+00 9.331182e-01 4.113543e+00 -3.564755e-01 6.826355e+01 1.192841e+00 -1.591659e-01 -4.006899e-02 -4.051565e-01 -6.100628e-01 -5.022979e-01 1.526066e-01 -4.210319e-01 -7.266210e-01 1.169724e-01 1.437442e-01 -8.741809e-02 1.250326e+00 1.102147e-01 -4.529696e-02 -4.295596e-02 4.106330e-02 -7.052492e-02 -6.034006e-02 4.054635e-02 -3.548833e-02 3.525590e-03 8.852159e-02 -3.325894e-02 1.383403e-02 5.239735e-02
<VARIANCE> 39
 7.439079e+01 2.705286e+01 1.492083e+01 3.326319e+01 3.406919e+01 2.383458e+01 3.104894e+01 4.661487e+01 8.085239e+01 2.934399e+01 4.909010e+01 1.823935e+01 8.621635e+01 5.968221e+00 2.985464e+00 1.889689e+00 4.066918e+00 3.157510e+00 2.133968e+00 2.873196e+00 4.192923e+00 7.882120e+00 3.544276e+00 3.503920e+00 2.178522e+00 7.139396e+00 7.393528e-01 5.319430e-01 4.139564e-01 8.262675e-01 6.082175e-01 4.113351e-01 4.884415e-01 7.258734e-01 1.167213e+00 6.573498e-01 5.014550e-01 4.401302e-01 1.021690e+00
<GCONST> 1.289556e+02
<STATE> 3
<MEAN> 39
 -4.263785e+00 -2.062534e+00 -2.906890e+00 -5.520257e+00 -5.411408e+00 -2.978641e+00 6.374127e+00 -7.835383e+00 -5.869149e+00 3.154608e+00 -2.105692e+00 -2.229548e+00 7.457206e+01 -5.093206e-01 2.748062e-01 5.970411e-02 3.411626e-02 -5.589783e-02 -1.524826e-02 -6.067428e-02 3.651499e-01 5.563455e-01 -1.531009e-01 -1.468879e-01 -1.028216e-01 -6.437841e-01 -2.801749e-01 -1.041495e-02 1.193039e-01 -2.274692e-03 1.081812e-01 6.002163e-02 -1.192601e-01 8.497451e-02 -1.866847e-02 -2.012441e-01 1.420811e-01 7.364259e-02 -1.736321e-01
<VARIANCE> 39
 5.398924e+01 3.960153e+01 1.072042e+01 2.721077e+01 3.480312e+01 2.918511e+01 4.628892e+01 4.234851e+01 3.647789e+01 2.397073e+01 8.085432e+01 1.960203e+01 1.069392e+02 2.249265e+00 2.094844e+00 1.428577e+00 1.860151e+00 1.498724e+00 1.163309e+00 2.105637e+00 1.686674e+00 2.577294e+00 2.495738e+00 1.452706e+00 1.248030e+00 2.320488e+00 3.810062e-01 3.092228e-01 2.417802e-01 2.494220e-01 3.371858e-01 3.176195e-01 2.521094e-01 2.409079e-01 4.403317e-01 3.542460e-01 3.082323e-01 2.171939e-01 3.531082e-01
<GCONST> 1.104026e+02
<STATE> 4
<MEAN> 39
 -7.662151e+00 1.686861e+00 -3.194773e+00 -2.114341e+00 -2.012520e+00 -1.595780e+00 4.963784e-01 -3.293289e+00 -4.539324e+00 2.550089e+00 4.945860e+00 -3.000644e-01 6.859655e+01 -2.521151e-01 1.659942e-01 2.183946e-01 2.465732e-01 2.208253e-01 1.358310e-01 1.791643e-02 5.148825e-02 2.662539e-01 5.037057e-02 -1.117523e-01 5.837336e-03 -3.093256e-01 4.548530e-03 2.083073e-02 8.234598e-02 3.341615e-02 5.145343e-02 -6.643240e-03 -1.883624e-02 -2.174389e-02 -3.697716e-02 -2.272423e-02 1.478178e-02 -2.345848e-02 4.738578e-02
<VARIANCE> 39
 7.528459e+01 1.620113e+01 9.486429e+00 2.085759e+01 1.753351e+01 2.122692e+01 2.839139e+01 3.753657e+01 5.580546e+01 1.633196e+01 4.389348e+01 1.119131e+01 6.825487e+01 2.046239e+00 1.188739e+00 1.193345e+00 2.336038e+00 1.421432e+00 1.468081e+00 2.022077e+00 1.854553e+00 2.351707e+00 1.133908e+00 1.299470e+00 9.627458e-01 2.114839e+00 2.709489e-01 1.924538e-01 1.717878e-01 2.473757e-01 1.952550e-01 2.412272e-01 3.204577e-01 3.364491e-01 3.430157e-01 1.817044e-01 2.154921e-01 1.684258e-01 2.518465e-01
<GCONST> 1.012571e+02
<TRANSP> 5
 0.000000e+00 1.000000e+00 0.000000e+00 0.000000e+00 0.000000e+00
 0.000000e+00 7.889305e-01 2.110695e-01 0.000000e+00 0.000000e+00
 0.000000e+00 0.000000e+00 5.388136e-01 4.611864e-01 0.000000e+00
 0.000000e+00 0.000000e+00 0.000000e+00 7.423377e-01 2.576622e-01
 0.000000e+00 0.000000e+00 0.000000e+00 0.000000e+00 0.000000e+00
<ENDHMM>
~h "l"
<BEGINHMM>
<NUMSTATES> 5
<STATE> 2
<MEAN> 39
 -8.079100e+00 -4.108563e+00 1.139905e+01 1.060688e+01 6.072117e+00 -4.534487e+00 -5.479603e+00 -7.814269e+00 -4.540090e+00 -8.285435e+00 -2.358705e+00 -5.090146e+00 7.524699e+01 2.841245e-01 -3.211243e-01 3.057603e-01 9.627737e-03 1.682952e-01 -3.756759e-01 -5.497029e-01 2.271113e-02 -2.351083e-01 -6.200776e-01 -1.913512e-01 -3.209933e-01 5.945357e-01 5.046951e-02 2.373933e-01 -1.831623e-01 -2.364907e-01 -1.017000e-01 1.407135e-01 1.292634e-01 5.094830e-02 1.283658e-02 6.254499e-02 4.113441e-02 1.236882e-01 -1.585649e-01
<VARIANCE> 39
 2.295548e+01 8.262653e+01 7.842532e+01 6.505031e+01 3.845935e+01 4.066278e+01 6.935796e+01 5.484165e+01 3.375520e+01 3.815138e+01 4.180386e+01 2.179426e+01 3.285567e+01 1.627335e+00 6.219106e+00 5.488458e+00 3.325613e+00 2.760765e+00 2.674617e+00 3.855805e+00 2.351532e+00 1.962195e+00 2.535976e+00 2.472214e+00 1.463183e+00 2.366848e+00 2.235678e-01 9.344940e-01 7.114015e-01 4.695908e-01 4.424480e-01 3.721493e-01 5.888325e-01 3.517104e-01 4.162214e-01 4.277100e-01 4.344254e-01 2.544574e-01 3.335096e-01
<GCONST> 1.229363e+02
<STATE> 3
<MEAN> 39
 -3.202850e+00 -3.784574e+00 3.355567e+00 -1.005949e+00 -3.170670e+00 -3.627411e+00 3.034850e+00 -8.692533e+00 -3.847905e+00 -5.504538e+00 -5.437664e+00 -3.909194e-01 7.855827e+01 -1.044293e-02 6.976974e-02 -1.200512e-01 -1.638037e-01 -3.321071e-01 1.305462e-02 2.873556e-01 -1.567131e-02 -1.583344e-02 1.864243e-01 4.107453e-02 1.257574e-01 -8.057106e-02 -5.627037e-02 -5.072331e-03 1.316338e-02 3.202213e-02 8.860135e-02 2.812039e-02 -6.293263e-02 -1.185101e-02 1.350473e-02 7.601654e-03 5.144886e-02 8.566339e-03 -4.960536e-02
<VARIANCE> 39
 5.606845e+00 3.924397e+01 1.824402e+01 4.947589e+01 8.766434e+01 2.865627e+01 8.732240e+01 4.006747e+01 2.040464e+01 4.172901e+01 5.057948e+01 3.542689e+01 1.636315e+01 2.585737e-01 2.048653e+00 1.151597e+00 1.782980e+00 2.204873e+00 1.694382e+00 2.575623e+00 1.739153e+00 1.113234e+00 1.838278e+00 2.593730e+00 1.459960e+00 9.457213e-01 2.886701e-02 2.482397e-01 1.605720e-01 2.142681e-01 1.962717e-01 2.761466e-01 3.355775e-01 2.339006e-01 2.028926e-01 2.794113e-01 3.731256e-01 2.073744e-01 1.006360e-01
<GCONST> 1.002984e+02
<STATE> 4
<MEAN> 39
 -3.540192e+00 2.771170e+00 1.873048e+00 6.155926e+00 3.807420e+00 -5.398712e+00 -6.048360e+00 -5.729680e+00 -1.195613e+01 -1.562257e+00 8.660307e+00 -1.751177e+00 7.242681e+01 -5.124644e-02 6.894383e-02 -2.509730e-01 -2.872337e-01 -1.896002e-02 3.065962e-01 1.410703e-01 -1.166556e-01 1.427310e-01 2.547723e-01 7.043838e-02 1.184293e-01 -1.470254e-01 -4.417572e-02 -2.222097e-02 3.304310e-02 1.054600e-02 -1.359217e-02 4.834991e-02 4.012538e-02 -7.210862e-03 4.976888e-02 1.815887e-03 -3.368125e-02 2.420104e-02 -1.967560e-02
<VARIANCE> 39
 7.911922e+00 3.431855e+01 2.338530e+01 3.658976e+01 3.367889e+01 2.044748e+01 4.607648e+01 3.652593e+01 4.907944e+01 4.649380e+01 5.910505e+01 1.862664e+01 1.328401e+01 2.930528e-01 1.669805e+00 1.226307e+00 1.574660e+00 1.279217e+00 1.469629e+00 2.176917e+00 1.255084e+00 2.370570e+00 1.383507e+00 2.299525e+00 1.263288e+00 7.225512e-01 2.990065e-02 2.281733e-01 1.779144e-01 2.589788e-01 1.956658e-01 2.360488e-01 3.371595e-01 2.154639e-01 3.753628e-01 2.443593e-01 3.395971e-01 2.080597e-01 7.198471e-02
<GCONST> 9.739593e+01
<TRANSP> 5
 0.000000e+00 1.000000e+00 0.000000e+00 0.000000e+00 0.000000e+00
 0.000000e+00 8.179089e-01 1.820911e-01 0.000000e+00 0.000000e+00
 0.000000e+00 0.000000e+00 9.102919e-01 8.970809e-02 0.000000e+00
 0.000000e+00 0.000000e+00 0.000000e+00 8.984809e-01 1.015191e-01
 0.000000e+00 0.000000e+00 0.000000e+00 0.000000e+00 0.000000e+00
<ENDHMM>
~h "m"
<BEGINHMM>
<NUMSTATES> 5
<STATE> 2
<MEAN> 39
 -1.429243e+01 4.017917e+00 -5.910570e-01 -1.405667e-01 2.583827e-01 1.587473e+00 2.507050e+00 -1.845192e-01 7.853795e-01 -4.955411e-02 -1.201667e-01 -1.015945e+00 6.093098e+01 -5.021475e-01 -8.560804e-02 -3.115596e-01 -3.935055e-01 -2.141856e-01 -2.102102e-01 -2.508034e-01 2.317961e-01 1.595863e-01 8.094232e-02 1.055939e-01 2.138782e-01 -6.041455e-01 -2.348137e-02 -1.506930e-01 -3.983804e-02 -5.055938e-02 -1.953346e-02 -2.687036e-02 -6.957290e-02 -1.513428e-01 -1.358558e-01 3.344009e-02 2.896618e-02 -4.334311e-02 7.554708e-02
<VARIANCE> 39
 3.319948e+01 1.707226e+01 2.435377e+01 2.368339e+01 2.463910e+01 1.571369e+01 1.640606e+01 2.202856e+01 1.783052e+01 1.170150e+01 1.383145e+01 8.580483e+00 3.580521e+01 8.352938e-01 7.758788e-01 7.688223e-01 9.952586e-01 1.008838e+00 8.197588e-01 9.264903e-01 1.593244e+00 1.358991e+00 9.539486e-01 1.016779e+00 9.266687e-01 7.081851e-01 9.247418e-02 1.682704e-01 1.432692e-01 1.616501e-01 1.683184e-01 1.741610e-01 2.162378e-01 2.220789e-01 2.328588e-01 2.094842e-01 2.395387e-01 1.563877e-01 4.956422e-02
<GCONST> 8.546830e+01
<STATE> 3
<MEAN> 39
 -1.458749e+01 3.894935e+00 -6.708072e-01 -5.997156e-01 1.384094e-01 1.079025e+00 1.444268e+00 -1.130314e+00 1.501184e-01 -1.953077e-01 1.590224e-01 -4.030135e-01 5.987100e+01 -4.646576e-01 -1.459383e-01 -1.964035e-01 -2.043209e-01 -4.517398e-02 -1.382461e-01 -3.649592e-01 1.363316e-02 -7.983127e-02 1.036732e-01 1.947217e-01 1.423931e-01 -4.842898e-01 1.016535e-01 -1.227298e-01 1.075203e-01 1.766631e-01 1.811372e-01 1.042865e-01 -6.147838e-03 -1.350262e-01 -1.663008e-01 -5.893077e-02 3.977171e-03 -1.038428e-01 2.088407e-01
<VARIANCE> 39
 3.551405e+01 2.107026e+01 2.794583e+01 2.221747e+01 1.800368e+01 1.385020e+01 1.839345e+01 2.128858e+01 1.850491e+01 1.490996e+01 1.599435e+01 9.245112e+00 4.827320e+01 8.380452e-01 6.389266e-01 6.497862e-01 8.793838e-01 9.487615e-01 8.049357e-01 8.224804e-01 1.117255e+00 1.080740e+00 1.069744e+00 1.035495e+00 8.395038e-01 7.664326e-01 1.204144e-01 1.962266e-01 1.751373e-01 2.186721e-01 1.250984e-01 1.387858e-01 1.735477e-01 2.671824e-01 2.876420e-01 1.970277e-01 2.645042e-01 1.682193e-01 1.090767e-01
<GCONST> 8.657821e+01
<STATE> 4
<MEAN> 39
 -1.407778e+01 3.390303e+00 -1.279831e+00 -1.974945e+00 1.370614e+00 1.438936e+00 5.389966e-01 4.591182e-01 -4.558510e-01 2.364364e-01 2.324858e+00 -4.526078e-01 6.229770e+01 -1.583328e-01 -9.492222e-02 7.171157e-02 1.643370e-01 2.131801e-01 4.781728e-02 -1.459618e-01 -5.800758e-02 -1.029824e-01 -4.040606e-02 -3.538398e-02 -1.092219e-01 -1.044313e-01 1.705060e-01 -2.273408e-02 1.497537e-01 1.843607e-01 7.530210e-02 -5.689935e-03 2.402548e-02 -9.131334e-02 -1.038862e-01 -7.938953e-02 -5.528589e-02 -1.120095e-01 2.384463e-01
<VARIANCE> 39
 5.185136e+01 1.736804e+01 1.952219e+01 2.119596e+01 1.299413e+01 1.906910e+01 4.002762e+01 2.802871e+01 3.273846e+01 1.458840e+01 3.901803e+01 1.047578e+01 5.668730e+01 1.143768e+00 7.918440e-01 1.098740e+00 1.076504e+00 8.964727e-01 1.382660e+00 1.888436e+00 1.556874e+00 1.765712e+00 1.185673e+00 1.323968e+00 7.849209e-01 1.125180e+00 2.202860e-01 2.033180e-01 2.391308e-01 3.013427e-01 1.793946e-01 2.764286e-01 3.243770e-01 3.400086e-01 3.931232e-01 2.844342e-01 1.981609e-01 1.764572e-01 2.764559e-01
<GCONST> 9.774298e+01
<TRANSP> 5
 0.000000e+00 1.000000e+00 0.000000e+00 0.000000e+00 0.000000e+00
 0.000000e+00 5.347573e-01 4.652427e-01 0.000000e+00 0.000000e+00
 0.000000e+00 0.000000e+00 2.771233e-01 7.228767e-01 0.000000e+00
 0.000000e+00 0.000000e+00 0.000000e+00 5.338129e-01 4.661870e-01
 0.000000e+00 0.000000e+00 0.000000e+00 0.000000e+00 0.000000e+00
<ENDHMM>
~h "n"
<BEGINHMM>
<NUMSTATES> 5
<STATE> 2
<MEAN> 39
 -9.214778e+00 1.076620e-01 8.933689e+00 6.517517e+00 4.301012e+00 -9.709849e-01 -3.529859e+00 -5.705386e+00 -2.765004e+00 -5.961362e+00 -2.808046e+00 -3.599457e+00 7.124827e+01 4.742245e-01 -2.807972e-01 5.729532e-01 9.151237e-01 5.640012e-01 -5.908470e-01 -8.608561e-01 -3.717783e-01 -4.358508e-01 -4.112413e-01 2.109516e-01 -2.214413e-01 5.987236e-01 -5.413040e-03 -3.731606e-02 -1.791712e-01 -1.401279e-01 -5.379432e-02 4.216490e-02 9.033313e-02 2.326468e-02 -4.473871e-02 1.014799e-01 1.152493e-01 1.164429e-01 -4.285276e-02
<VARIANCE> 39
 3.105407e+01 8.138188e+01 8.067628e+01 5.158083e+01 2.857045e+01 3.317984e+01 3.771983e+01 3.306013e+01 3.199813e+01 4.165188e+01 5.608270e+01 1.429222e+01 6.044144e+01 2.587280e+00 5.268778e+00 3.246805e+00 2.689031e+00 2.447063e+00 3.111048e+00 2.737632e+00 3.059206e+00 4.027196e+00 2.388597e+00 2.641495e+00 1.450726e+00 2.418608e+00 2.089237e-01 8.617448e-01 4.896737e-01 3.943090e-01 3.911885e-01 5.358885e-01 4.110279e-01 4.773421e-01 4.516238e-01 4.232321e-01 4.024256e-01 2.313047e-01 2.916476e-01
<GCONST> 1.214250e+02
<STATE> 3
<MEAN> 39
 -6.305869e+00 -1.048972e+00 4.633283e+00 3.979686e+00 4.749017e+00 1.938051e-01 -2.605895e+00 -7.838345e+00 -4.263819e+00 -6.106035e+00 -2.821869e+00 9.591532e-01 7.357439e+01 2.843950e-01 1.474830e-01 -5.230755e-01 -7.502331e-01 -4.709734e-01 3.189207e-02 5.262160e-01 2.541146e-01 -2.594482e-01 5.263713e-02 3.027543e-01 5.374682e-01 9.777185e-02 -3.511719e-02 -5.468682e-02 -5.058097e-02 -2.138864e-01 -1.946643e-01 4.054356e-02 2.268000e-01 3.621955e-02 7.479533e-02 1.199635e-01 -2.268887e-02 4.775209e-02 1.857359e-02
<VARIANCE> 39
 1.523911e+01 4.976823e+01 2.473435e+01 6.052134e+01 4.132522e+01 3.831737e+01 6.033979e+01 2.938183e+01 3.788921e+01 3.106062e+01 7.984796e+01 4.499598e+01 5.597149e+01 1.059906e+00 2.104468e+00 1.949692e+00 3.793608e+00 1.949875e+00 2.632008e+00 1.959004e+00 2.012767e+00 2.750852e+00 1.695147e+00 3.417981e+00 2.598692e+00 1.583037e+00 9.279689e-02 3.673612e-01 2.681246e-01 5.971845e-01 3.865764e-01 5.428065e-01 3.758731e-01 4.151066e-01 5.056934e-01 2.973532e-01 7.388101e-01 5.544182e-01 2.317524e-01
<GCONST> 1.168643e+02
<STATE> 4
<MEAN> 39
 -5.766823e+00 5.625350e+00 2.800365e+00 4.512645e+00 3.931744e+00 -1.821428e+00 -4.727958e+00 -4.205379e+00 -5.992795e+00 -6.713544e-01 4.672782e+00 -1.790353e+00 6.911403e+01 -1.795352e-01 -6.115914e-02 -2.837539e-01 -3.336199e-01 -2.369805e-01 2.559590e-01 5.645901e-01 2.214441e-01 2.824033e-01 2.391760e-01 -3.739553e-02 1.961071e-01 -1.773579e-01 -5.183658e-02 -1.003336e-01 -4.478173e-02 -1.328268e-02 -1.490779e-02 -2.892072e-02 3.579608e-02 2.087785e-02 1.442355e-02 -5.076658e-03 3.831668e-03 7.210035e-03 2.360718e-02
<VARIANCE> 39
 2.031322e+01 2.855184e+01 2.429310e+01 3.066741e+01 2.609609e+01 2.708977e+01 4.568748e+01 2.636461e+01 5.307373e+01 3.263085e+01 5.622718e+01 2.249776e+01 3.290160e+01 8.660551e-01 1.757027e+00 1.391507e+00 1.790861e+00 1.326310e+00 1.524466e+00 1.827638e+00 1.658743e+00 3.364964e+00 1.214971e+00 3.067730e+00 1.210540e+00 1.201109e+00 7.803496e-02 2.505712e-01 2.042432e-01 2.614564e-01 2.354992e-01 2.692637e-01 3.586178e-01 2.883229e-01 5.444008e-01 2.185302e-01 5.084036e-01 2.123641e-01 1.529292e-01
<GCONST> 1.043267e+02
<TRANSP> 5
 0.000000e+00 1.000000e+00 0.000000e+00 0.000000e+00 0.000000e+00
 0.000000e+00 6.725885e-01 3.274115e-01 0.000000e+00 0.000000e+00
 0.000000e+00 0.000000e+00 6.789539e-01 3.210461e-01 0.000000e+00
 0.000000e+00 0.000000e+00 0.000000e+00 8.156431e-01 1.843569e-01
 0.000000e+00 0.000000e+00 0.000000e+00 0.000000e+00 0.000000e+00
<ENDHMM>
~h "o"
<BEGINHMM>
<NUMSTATES> 5
<STATE> 2
<MEAN> 39
 -4.124017e+00 6.519781e-01 -1.332421e+00 -3.768506e+00 -1.303993e+00 -3.943621e+00 3.059217e-01 -5.522953e+00 -7.254420e+00 -6.640719e+00 -1.857760e+00 3.221145e-01 7.470155e+01 1.253308e+00 4.976295e-02 -3.821992e-01 1.506035e-01 1.854402e-01 -5.432014e-01 -4.563144e-01 -3.659786e-01 -8.893442e-01 -4.927897e-01 -1.057263e-01 -5.203219e-02 9.668217e-01 -1.309972e-01 2.151100e-02 -4.519405e-02 8.652834e-02 -9.865835e-04 1.031127e-02 -1.366237e-03 6.752608e-02 1.352643e-01 1.510842e-01 1.006200e-02 -3.929088e-02 -2.007288e-01
<VARIANCE> 39
 3.658936e+01 3.669963e+01 2.552135e+01 5.062642e+01 6.159874e+01 3.479862e+01 2.871261e+01 2.320532e+01 4.181638e+01 3.111588e+01 4.367815e+01 2.353213e+01 3.575234e+01 4.190512e+00 3.046157e+00 2.401212e+00 3.544347e+00 3.615245e+00 4.788859e+00 2.413273e+00 1.805761e+00 3.289186e+00 3.037977e+00 3.020280e+00 1.377594e+00 3.991556e+00 7.517919e-01 5.174391e-01 4.791350e-01 7.439504e-01 6.457118e-01 9.615317e-01 4.793589e-01 3.193530e-01 5.058947e-01 5.571739e-01 5.695609e-01 2.744345e-01 6.062114e-01
<GCONST> 1.240698e+02
<STATE> 3
<MEAN> 39
 -9.608479e-01 3.594790e+00 -1.485541e+00 -2.240031e+00 -2.141589e+00 -7.217162e+00 -2.251938e+00 -4.782393e+00 -7.134939e+00 -6.233590e+00 -2.653761e+00 -2.499522e+00 7.539117e+01 -3.980533e-01 4.231947e-01 5.828283e-01 4.999082e-01 1.335712e-01 3.782464e-01 1.786257e-01 -2.642793e-02 5.867884e-02 8.602722e-02 -3.161022e-02 -1.940218e-01 -5.719658e-01 -1.837451e-01 7.683785e-02 1.391505e-01 6.533428e-02 1.041413e-01 2.512771e-01 1.180382e-01 1.669694e-02 7.904916e-02 1.662326e-02 2.810844e-02 4.752090e-02 -1.878596e-01
<VARIANCE> 39
 5.460977e+00 1.327282e+01 2.091487e+01 3.237599e+01 5.462395e+01 4.551906e+01 1.955442e+01 1.842106e+01 9.042206e+01 3.006521e+01 6.906735e+01 1.614577e+01 1.287727e+01 4.200206e-01 9.978924e-01 1.031326e+00 1.200499e+00 2.129404e+00 3.088478e+00 1.405100e+00 1.205615e+00 1.815336e+00 1.464634e+00 1.158282e+00 1.331430e+00 6.813952e-01 7.622436e-02 1.849939e-01 1.814401e-01 2.131625e-01 2.833090e-01 3.902510e-01 2.574081e-01 2.218180e-01 3.491928e-01 2.584031e-01 2.039856e-01 2.135389e-01 6.862971e-02
<GCONST> 9.564863e+01
<STATE> 4
<MEAN> 39
 -7.872588e+00 7.713159e+00 3.977642e+00 5.041577e+00 2.910522e+00 -2.049043e-01 -1.753521e-01 -3.522439e+00 -4.577337e+00 -2.177658e+00 -7.379457e-03 -2.930198e+00 6.608672e+01 -9.431906e-01 -2.343294e-02 9.530101e-02 1.402030e-01 2.571781e-01 6.036726e-01 4.307212e-01 4.849096e-01 7.951376e-01 5.671955e-01 1.079596e-01 2.406940e-01 -9.524511e-01 -2.153585e-02 -2.442344e-01 -1.444411e-01 -1.457133e-01 -9.120897e-02 -1.317674e-01 -5.449368e-02 2.699140e-02 -1.692222e-02 5.056968e-03 6.859653e-02 1.868061e-02 1.183519e-01
<VARIANCE> 39
 1.833561e+01 1.882405e+01 1.676900e+01 3.436338e+01 2.216282e+01 3.482875e+01 2.665817e+01 2.411334e+01 5.866372e+01 3.458848e+01 3.736582e+01 1.717355e+01 2.440366e+01 6.336586e-01 1.485471e+00 1.445290e+00 1.162281e+00 1.231720e+00 1.661990e+00 1.202997e+00 1.181631e+00 2.719908e+00 1.123481e+00 1.315273e+00 1.082597e+00 6.540884e-01 8.752023e-02 2.254992e-01 2.011921e-01 1.707445e-01 2.498163e-01 3.274266e-01 2.439679e-01 2.285660e-01 3.882124e-01 1.981670e-01 2.199382e-01 1.921948e-01 8.668164e-02
<GCONST> 9.597828e+01
<TRANSP> 5
 0.000000e+00 1.000000e+00 0.000000e+00 0.000000e+00 0.000000e+00
 0.000000e+00 8.777627e-01 1.222373e-01 0.000000e+00 0.000000e+00
 0.000000e+00 0.000000e+00 8.770458e-01 1.229541e-01 0.000000e+00
 0.000000e+00 0.000000e+00 0.000000e+00 8.277227e-01 1.722774e-01
 0.000000e+00 0.000000e+00 0.000000e+00 0.000000e+00 0.000000e+00
<ENDHMM>
~h "p"
<BEGINHMM>
<NUMSTATES> 5
<STATE> 2
<MEAN> 39
 -1.957518e+01 1.803477e+00 -2.766022e+00 -6.305071e-01 1.528239e-01 1.773268e+00 3.687319e+00 3.906941e+00 4.347532e+00 2.500594e+00 1.269456e+00 7.276058e-03 5.887633e+01 -2.572655e-01 -1.940976e-01 -1.704844e-01 -1.919658e-01 -1.960380e-01 -1.481651e-01 -1.247414e-01 -5.574081e-02 -1.106909e-01 -1.401167e-01 -1.121792e-01 -1.043478e-01 -1.899288e-01 7.040823e-02 4.381796e-02 5.391636e-02 4.020727e-02 3.549397e-02 1.922822e-02 7.797499e-03 -3.353505e-02 -2.490070e-02 1.929089e-02 2.249051e-02 1.543499e-02 5.539602e-02
<VARIANCE> 39
 1.241849e+01 4.537257e+00 5.580515e+00 8.660356e+00 8.677809e+00 9.750782e+00 9.364210e+00 1.638433e+01 1.455137e+01 1.031441e+01 9.601840e+00 7.888270e+00 1.277448e+01 2.376504e-01 3.129493e-01 4.214559e-01 6.297551e-01 7.927996e-01 8.871003e-01 8.642955e-01 9.598007e-01 9.297739e-01 8.921304e-01 9.027523e-01 7.428038e-01 2.795100e-01 3.528436e-02 5.943236e-02 6.818431e-02 1.133132e-01 1.573072e-01 1.588677e-01 1.643143e-01 1.977259e-01 1.980656e-01 1.769871e-01 1.793114e-01 1.486212e-01 1.963140e-02
<GCONST> 6.556590e+01
<STATE> 3
<MEAN> 39
 -1.659838e+01 1.472426e+00 -3.226619e+00 -2.037703e+00 -1.512510e+00 -2.449715e-01 1.909207e+00 -8.610916e-02 9.394453e-01 2.418644e-01 -5.953672e-01 -7.306460e-01 5.875999e+01 -3.909464e-01 -8.409369e-02 -3.623360e-02 6.000707e-02 1.689606e-01 2.157913e-01 -5.239718e-02 -9.269204e-03 7.965971e-03 5.770715e-02 2.973294e-01 1.952636e-01 -5.289124e-01 1.057424e-01 -3.372369e-02 9.036264e-02 -2.965102e-02 3.546993e-02 -1.429758e-02 3.809353e-02 -1.040145e-01 -1.396150e-01 9.416273e-03 6.928135e-02 1.300529e-02 2.539024e-01
<VARIANCE> 39
 4.514680e+01 8.962368e+00 5.024258e+00 9.031392e+00 8.085032e+00 1.220804e+01 1.863388e+01 3.329945e+01 2.437464e+01 1.568299e+01 1.260840e+01 8.270150e+00 5.452311e+01 4.080152e-01 3.159379e-01 3.403308e-01 5.054610e-01 7.339552e-01 7.649195e-01 8.028436e-01 9.017382e-01 9.459772e-01 8.609090e-01 9.339886e-01 8.050713e-01 9.190486e-01 7.519459e-02 9.930984e-02 8.049818e-02 1.217221e-01 1.433876e-01 1.297329e-01 2.289964e-01 2.152785e-01 3.089789e-01 1.720079e-01 1.462610e-01 1.531718e-01 1.237346e-01
<GCONST> 7.648565e+01
<STATE> 4
<MEAN> 39
 -1.141390e+01 1.569897e+00 -3.309571e+00 -1.435737e+00 -1.757828e+00 -1.718608e+00 1.514647e+00 4.855961e-01 -2.022926e+00 1.784756e+00 4.570304e+00 -2.450792e-02 6.503252e+01 3.903106e-01 6.971924e-03 3.104582e-04 -3.624354e-02 -6.617463e-02 -1.067341e-01 -5.610596e-02 -2.708877e-01 -4.299604e-01 5.092174e-02 2.566286e-01 3.149351e-02 3.071926e-01 5.153769e-02 -1.545851e-02 3.204978e-02 -1.867670e-02 -6.651627e-03 7.578102e-03 2.008295e-02 -6.383409e-02 -8.821372e-02 -1.548835e-02 8.610398e-03 -1.578147e-02 1.126238e-01
<VARIANCE> 39
 8.692479e+01 8.092991e+00 7.148872e+00 9.795034e+00 1.750467e+01 3.278918e+01 2.623772e+01 2.590668e+01 4.273474e+01 1.510066e+01 2.817417e+01 7.174715e+00 7.011382e+01 3.001181e+00 5.595619e-01 6.972628e-01 6.911752e-01 1.262468e+00 1.864305e+00 1.571660e+00 1.342023e+00 2.165165e+00 9.866068e-01 1.044889e+00 6.801534e-01 1.992518e+00 3.856242e-01 1.267525e-01 1.590903e-01 1.543188e-01 2.182238e-01 3.147030e-01 3.025576e-01 2.969595e-01 3.891540e-01 2.033164e-01 1.878676e-01 1.325111e-01 3.574912e-01
<GCONST> 9.481082e+01
<TRANSP> 5
 0.000000e+00 1.000000e+00 0.000000e+00 0.000000e+00 0.000000e+00
 0.000000e+00 8.616669e-01 1.383331e-01 0.000000e+00 0.000000e+00
 0.000000e+00 0.000000e+00 2.046662e-01 7.953338e-01 0.000000e+00
 0.000000e+00 0.000000e+00 0.000000e+00 7.442469e-01 2.557531e-01
 0.000000e+00 0.000000e+00 0.000000e+00 0.000000e+00 0.000000e+00
<ENDHMM>
~h "r"
<BEGINHMM>
<NUMSTATES> 5
<STATE> 2
<MEAN> 39
 -7.007153e+00 -4.044285e+00 -3.060144e+00 -6.033665e+00 -4.894783e+00 -1.787001e+00 7.870425e+00 -8.295967e+00 -7.167071e+00 2.079376e+00 -3.577775e-01 1.195914e-01 7.382216e+01 1.465561e+00 -1.988289e-01 -2.475211e-01 -2.268181e-01 -2.717699e-01 -4.285286e-01 2.679497e-01 -8.106022e-01 -9.496825e-01 3.186418e-01 1.318410e-01 -3.965564e-02 1.603881e+00 -2.932549e-02 2.197710e-01 9.040584e-03 1.343745e-01 5.719966e-02 -1.905778e-02 -2.326058e-01 1.839520e-01 1.870083e-01 -1.250877e-01 -7.786269e-02 -7.708615e-02 -1.970193e-01
<VARIANCE> 39
 6.249545e+01 4.260464e+01 1.902932e+01 3.359179e+01 4.225440e+01 2.336572e+01 5.647050e+01 4.231588e+01 4.568607e+01 4.953194e+01 6.201158e+01 1.972667e+01 9.679612e+01 3.785246e+00 3.111897e+00 1.542799e+00 2.657218e+00 2.356275e+00 1.877162e+00 3.574357e+00 3.055608e+00 3.661646e+00 4.325025e+00 2.606865e+00 1.533991e+00 5.555005e+00 6.447868e-01 4.707030e-01 3.338553e-01 4.956917e-01 4.452081e-01 3.480175e-01 4.933425e-01 5.339219e-01 5.359220e-01 7.839873e-01 4.055541e-01 2.411313e-01 7.966194e-01
<GCONST> 1.241132e+02
<STATE> 3
<MEAN> 39
 -2.869028e+00 1.294033e+00 -3.659028e+00 -3.310230e+00 -3.098410e+00 -3.534294e+00 3.013384e+00 -7.129711e+00 -7.296357e+00 4.275976e-02 4.997864e-01 -6.741290e-01 7.389320e+01 -8.843772e-01 1.173142e+00 4.807984e-01 5.580064e-01 7.536016e-01 4.592846e-01 -8.746129e-01 8.947601e-01 8.205830e-01 -9.668635e-01 -2.437353e-01 -3.933842e-02 -1.358956e+00 -4.277022e-01 -2.053466e-01 1.145484e-01 -2.464416e-02 7.369818e-02 1.874469e-01 1.768561e-01 9.671213e-02 2.256920e-01 1.182280e-01 1.498200e-02 1.271338e-01 -2.512328e-01
<VARIANCE> 39
 1.874206e+01 3.093045e+01 1.683631e+01 3.190912e+01 3.092018e+01 2.587107e+01 2.513184e+01 2.337383e+01 4.290915e+01 4.281150e+01 5.901483e+01 4.220575e+01 3.395964e+01 3.157708e+00 1.978925e+00 1.792621e+00 1.712001e+00 1.255978e+00 1.797695e+00 1.807757e+00 2.191258e+00 3.646861e+00 2.385638e+00 2.285641e+00 1.566680e+00 2.984600e+00 4.071883e-01 4.780225e-01 3.443149e-01 3.134356e-01 2.440397e-01 4.020098e-01 3.440981e-01 4.209804e-01 4.701662e-01 4.808233e-01 3.821075e-01 3.360095e-01 3.608685e-01
<GCONST> 1.132495e+02
<STATE> 4
<MEAN> 39
 -1.184461e+01 2.850919e+00 -2.211159e+00 -1.235370e+00 1.012106e+00 1.164094e+00 2.164417e+00 -1.587613e+00 -2.678379e+00 -6.914735e-01 2.512341e+00 1.321035e+00 6.448417e+01 -7.131816e-01 -4.083186e-01 1.180028e-02 -8.664119e-02 9.298132e-02 1.531086e-01 3.064881e-02 2.724986e-01 3.011655e-01 2.196385e-02 3.911979e-02 1.108329e-01 -4.355024e-01 3.367656e-01 -6.437238e-02 -1.446214e-03 -3.912796e-02 -1.298924e-01 -2.109175e-01 -6.708833e-02 -2.115002e-01 -2.596867e-01 -5.644256e-02 -1.259954e-02 -7.111832e-02 3.624980e-01
<VARIANCE> 39
 4.793896e+01 1.476613e+01 1.315591e+01 1.862907e+01 2.451814e+01 2.500865e+01 1.560122e+01 3.672140e+01 6.043325e+01 2.728605e+01 2.950554e+01 1.266002e+01 4.111805e+01 3.291718e+00 1.460819e+00 1.390409e+00 1.420479e+00 1.134055e+00 1.962063e+00 1.802967e+00 2.826968e+00 3.964526e+00 1.458244e+00 1.547038e+00 1.358129e+00 2.838219e+00 4.870703e-01 3.169436e-01 2.530715e-01 2.415127e-01 1.848987e-01 2.908673e-01 2.832134e-01 4.047910e-01 5.422530e-01 3.255838e-01 3.280446e-01 2.376963e-01 3.377353e-01
<GCONST> 1.066544e+02
<TRANSP> 5
 0.000000e+00 1.000000e+00 0.000000e+00 0.000000e+00 0.000000e+00
 0.000000e+00 7.822078e-01 2.177922e-01 0.000000e+00 0.000000e+00
 0.000000e+00 0.000000e+00 7.116336e-01 2.883665e-01 0.000000e+00
 0.000000e+00 0.000000e+00 0.000000e+00 7.900536e-01 2.099464e-01
 0.000000e+00 0.000000e+00 0.000000e+00 0.000000e+00 0.000000e+00
<ENDHMM>
~h "s"
<BEGINHMM>
<NUMSTATES> 5
<STATE> 2
<MEAN> 39
 -1.618214e+01 -2.989429e+00 1.347809e+00 -3.912237e-01 -9.994447e-01 2.434611e+00 2.239708e+00 -5.032425e+00 -3.552982e+00 -1.125731e+00 1.481879e+00 3.108519e-02 6.419118e+01 -8.860440e-01 -1.829448e+00 2.476384e+00 -2.936776e-01 -6.221718e-01 8.260226e-01 1.348621e-01 -8.637246e-01 -3.830168e-01 1.913559e-01 1.011978e+00 -7.408118e-01 1.653027e+00 -2.871095e-01 -3.738373e-01 5.427865e-01 -2.603920e-01 -1.174409e-01 8.239530e-03 -2.178895e-02 -1.361197e-02 -8.355120e-02 1.309632e-02 1.036407e-01 -1.503549e-01 3.134042e-01
<VARIANCE> 39
 4.957559e+01 4.521212e+01 4.216113e+01 1.738963e+01 2.263589e+01 1.834405e+01 2.709505e+01 5.069781e+01 4.562622e+01 2.752474e+01 1.705854e+01 1.631938e+01 9.036256e+01 3.030770e+00 4.116330e+00 4.315825e+00 1.920747e+00 1.761165e+00 1.836878e+00 3.110513e+00 2.943952e+00 2.848912e+00 1.903741e+00 2.075905e+00 1.125397e+00 3.597916e+00 3.221558e-01 6.922464e-01 5.842713e-01 2.966638e-01 3.580496e-01 3.409224e-01 4.875731e-01 5.538434e-01 4.884986e-01 3.595510e-01 3.158773e-01 2.122962e-01 5.420110e-01
<GCONST> 1.166395e+02
<STATE> 3
<MEAN> 39
 -2.477459e+01 -1.654214e+01 1.826714e+01 -5.138750e+00 -5.238210e+00 4.715708e+00 5.089099e+00 -1.002072e+01 -4.875784e+00 -1.288355e+00 6.347313e+00 -5.469234e+00 7.782298e+01 -6.066875e-01 -7.216533e-01 4.889830e-01 -3.095954e-01 9.288815e-02 -7.841395e-02 -9.828903e-02 -1.806926e-01 1.104233e-01 9.696579e-02 3.297184e-01 -2.313805e-01 3.256506e-01 4.150323e-01 3.412338e-01 -4.705348e-01 3.239949e-01 2.305573e-01 -5.973496e-02 -1.586144e-01 -1.872135e-02 1.849645e-02 -3.431270e-02 -2.101411e-01 1.145672e-01 -2.199634e-01
<VARIANCE> 39
 4.115069e+01 4.043362e+01 2.504275e+01 3.363704e+01 2.879623e+01 1.568996e+01 3.535082e+01 3.975153e+01 2.630787e+01 3.368680e+01 1.908859e+01 2.082785e+01 2.901668e+01 3.500205e+00 2.168036e+00 3.898805e+00 2.635419e+00 2.340343e+00 1.356374e+00 1.998961e+00 1.588747e+00 1.571531e+00 1.630712e+00 1.621106e+00 1.357087e+00 1.031534e+00 3.462093e-01 4.340321e-01 4.685253e-01 3.612673e-01 2.776531e-01 3.051549e-01 3.561146e-01 3.229936e-01 2.742377e-01 2.782508e-01 2.949480e-01 2.101658e-01 1.022879e-01
<GCONST> 1.078230e+02
<STATE> 4
<MEAN> 39
 -1.309007e+01 -7.916250e+00 1.062417e+01 3.195872e+00 4.948750e+00 -9.562985e-01 -6.068225e+00 -9.588756e+00 -8.356236e+00 -1.940813e+00 6.729332e+00 -2.948766e+00 7.456429e+01 9.601317e-01 6.105889e-01 -5.338906e-01 4.814806e-01 3.523193e-01 -2.300968e-01 -4.504294e-01 -2.335420e-01 -2.941497e-01 -2.122291e-01 -1.429663e-01 2.285378e-01 6.362870e-02 -1.923891e-02 1.312009e-01 -9.200468e-02 -1.054524e-01 -1.094138e-01 -8.999057e-03 1.559963e-01 9.593150e-02 2.057253e-02 2.616484e-02 -6.318358e-02 4.801195e-02 -5.468538e-02
<VARIANCE> 39
 1.161083e+02 6.548586e+01 6.771863e+01 9.290032e+01 2.719361e+01 3.983196e+01 4.590248e+01 5.748319e+01 7.722506e+01 3.505291e+01 4.561097e+01 2.251701e+01 2.226958e+01 8.913094e+00 5.820604e+00 4.011589e+00 8.912396e+00 2.583310e+00 2.764461e+00 3.729968e+00 3.070970e+00 5.991414e+00 2.499211e+00 2.947440e+00 1.511456e+00 1.287112e+00 1.042902e+00 8.839183e-01 4.773248e-01 1.093271e+00 3.453498e-01 4.897238e-01 4.923817e-01 4.657282e-01 8.873805e-01 3.986200e-01 4.258125e-01 2.714384e-01 1.611142e-01
<GCONST> 1.295457e+02
<TRANSP> 5
 0.000000e+00 1.000000e+00 0.000000e+00 0.000000e+00 0.000000e+00
 0.000000e+00 7.040836e-01 2.959164e-01 0.000000e+00 0.000000e+00
 0.000000e+00 0.000000e+00 8.585899e-01 1.414101e-01 0.000000e+00
 0.000000e+00 0.000000e+00 0.000000e+00 9.026875e-01 9.731243e-02
 0.000000e+00 0.000000e+00 0.000000e+00 0.000000e+00 0.000000e+00
<ENDHMM>
~h "t"
<BEGINHMM>
<NUMSTATES> 5
<STATE> 2
<MEAN> 39
 -1.465856e+01 -6.208535e+00 4.244895e+00 -1.799130e+00 -5.634425e-01 -1.211132e-01 4.707413e-01 -7.637892e+00 -2.070070e+00 -7.624512e-01 3.372338e-01 -1.558779e+00 7.105887e+01 6.785973e-01 -5.319353e-01 1.806210e-02 -2.142623e-02 -1.823327e-01 -8.260898e-02 8.510103e-02 -7.338790e-01 -8.592484e-01 -2.335957e-01 7.944316e-02 1.393284e-01 1.077495e+00 2.621579e-01 5.154746e-02 -6.094177e-02 -9.012433e-03 -3.350735e-02 -1.327370e-02 8.485901e-02 -8.338935e-03 -1.103833e-01 -9.687722e-03 -8.939381e-03 7.186878e-02 1.728127e-01
<VARIANCE> 39
 6.892175e+01 6.192629e+01 5.965872e+01 9.580560e+01 4.021827e+01 2.537448e+01 5.653967e+01 4.981977e+01 3.574817e+01 2.932236e+01 5.903005e+01 1.960986e+01 8.828424e+01 5.320079e+00 4.287808e+00 4.847548e+00 6.909502e+00 2.730963e+00 2.483144e+00 4.038638e+00 4.612476e+00 4.716291e+00 3.001985e+00 3.067853e+00 1.209363e+00 8.236032e+00 6.671616e-01 8.232076e-01 7.564095e-01 1.129505e+00 5.716977e-01 4.737839e-01 7.085703e-01 8.169984e-01 6.380049e-01 5.097229e-01 4.356519e-01 1.883655e-01 1.268105e+00
<GCONST> 1.335998e+02
<STATE> 3
<MEAN> 39
 -5.665101e+00 -1.189608e+01 2.342557e+00 -7.919383e+00 -4.236715e+00 -2.925514e+00 5.272533e+00 -1.330655e+01 -6.961824e+00 -2.102970e+00 4.890932e-01 3.304360e+00 8.233842e+01 6.796590e-01 1.980565e-01 -1.740255e-01 2.097110e-01 8.151784e-02 -1.158515e-01 -4.494694e-02 -2.671615e-01 -3.236256e-01 -1.478124e-01 -1.593377e-02 2.502566e-01 2.034150e-01 -1.634693e-01 4.096358e-02 -6.014191e-02 -2.780623e-02 4.035134e-02 -1.064160e-02 -2.613584e-02 1.497909e-01 1.686530e-01 -7.755142e-04 9.002810e-03 -2.201081e-02 -1.887647e-01
<VARIANCE> 39
 8.821748e+01 4.651999e+01 7.031020e+01 4.876352e+01 1.892647e+01 2.327313e+01 4.151484e+01 2.551991e+01 4.290332e+01 4.685168e+01 4.809302e+01 1.342369e+01 1.781771e+01 5.838273e+00 3.514438e+00 2.762165e+00 3.000263e+00 1.282100e+00 2.101116e+00 2.659904e+00 2.129997e+00 2.484187e+00 3.039288e+00 2.042631e+00 1.089428e+00 1.872836e+00 5.951290e-01 5.963128e-01 3.065507e-01 4.700963e-01 2.414978e-01 3.700573e-01 4.442791e-01 3.534187e-01 4.365677e-01 4.625306e-01 2.848999e-01 1.803309e-01 3.400057e-01
<GCONST> 1.165700e+02
<STATE> 4
<MEAN> 39
 -2.486007e+00 -4.480855e+00 -2.596365e+00 -4.051494e+00 -3.575072e+00 -2.754987e+00 2.099469e+00 -1.285681e+01 -1.010119e+01 -2.768311e+00 1.293680e+00 4.802698e+00 7.711266e+01 -3.143727e-01 6.498256e-01 -1.319091e-01 1.583485e-02 1.405250e-01 8.581522e-02 -5.048986e-02 6.306462e-01 4.221115e-01 -1.671075e-01 -9.021564e-02 8.671114e-02 -6.299927e-01 -2.943323e-01 8.448386e-02 2.044441e-01 -3.099775e-02 1.323227e-01 2.054203e-01 -6.488869e-02 5.576897e-02 1.057150e-01 -1.817173e-02 -4.125688e-02 -1.504351e-01 -1.651565e-01
<VARIANCE> 39
 1.902056e+01 3.245572e+01 1.580018e+01 3.684649e+01 1.650735e+01 1.981830e+01 1.336985e+01 2.950062e+01 3.589758e+01 3.817028e+01 5.382493e+01 9.551196e+00 3.902276e+01 8.720167e-01 2.521093e+00 1.567903e+00 1.445802e+00 1.517935e+00 1.628074e+00 1.312142e+00 1.566584e+00 1.289551e+00 1.877806e+00 1.116112e+00 9.968448e-01 1.556762e+00 2.816466e-01 4.955196e-01 3.273368e-01 3.577001e-01 2.120705e-01 3.234410e-01 2.321849e-01 3.118486e-01 3.443978e-01 3.411973e-01 2.385903e-01 1.662446e-01 2.583626e-01
<GCONST> 1.018906e+02
<TRANSP> 5
 0.000000e+00 1.000000e+00 0.000000e+00 0.000000e+00 0.000000e+00
 0.000000e+00 9.004333e-01 9.956668e-02 0.000000e+00 0.000000e+00
 0.000000e+00 0.000000e+00 9.063220e-01 9.367806e-02 0.000000e+00
 0.000000e+00 0.000000e+00 0.000000e+00 8.320821e-01 1.679179e-01
 0.000000e+00 0.000000e+00 0.000000e+00 0.000000e+00 0.000000e+00
<ENDHMM>
~h "u"
<BEGINHMM>
<NUMSTATES> 5
<STATE> 2
<MEAN> 39
 -1.069552e+01 3.810317e+00 7.818615e+00 7.358173e+00 5.566228e+00 1.019737e+00 -1.983951e+00 -3.102054e+00 -6.039111e+00 -5.065257e+00 3.262301e+00 -6.903112e-02 6.757917e+01 7.649209e-01 -2.357515e-01 5.328161e-01 6.507268e-01 1.355200e-01 -4.176738e-01 -4.903674e-01 -4.403985e-01 -5.918060e-01 -5.339994e-01 -2.161635e-01 -1.304321e-01 1.086004e+00 3.908241e-02 -2.225738e-01 -1.165187e-01 -1.819606e-01 -4.097514e-02 -1.053658e-01 -1.098422e-01 -6.822775e-02 -5.998957e-02 -3.074875e-02 -6.344073e-03 -2.124882e-02 1.726344e-01
<VARIANCE> 39
 3.486248e+01 7.942847e+01 4.464102e+01 3.980843e+01 3.007938e+01 2.616643e+01 3.431146e+01 2.715677e+01 6.040044e+01 3.321239e+01 2.238832e+01 1.266206e+01 2.809022e+01 4.623050e+00 1.174671e+01 3.620549e+00 4.538065e+00 3.754489e+00 2.277100e+00 4.465766e+00 2.885307e+00 6.779528e+00 3.572995e+00 3.491148e+00 1.673884e+00 5.206068e+00 6.556281e-01 1.341491e+00 7.218598e-01 6.991403e-01 7.407056e-01 4.571234e-01 6.926185e-01 4.381890e-01 9.474459e-01 5.153762e-01 5.140840e-01 2.769255e-01 6.083182e-01
<GCONST> 1.290255e+02
<STATE> 3
<MEAN> 39
 -5.803113e+00 -1.194920e+00 3.680886e+00 2.300534e+00 3.783760e+00 1.337220e+00 1.130936e+00 -8.485442e+00 -8.875148e+00 -7.710274e+00 -2.226839e+00 -1.239821e+00 7.434161e+01 1.214345e+00 -6.587228e-01 -5.746552e-01 -2.257522e-01 2.714719e-01 -7.261817e-01 -3.260672e-01 -6.710703e-01 -6.435386e-01 1.775939e-01 -2.899455e-01 3.206978e-01 1.311412e+00 -2.316605e-01 9.221791e-02 -1.316108e-02 -1.225652e-01 1.914553e-02 5.077489e-02 3.012178e-02 7.536911e-02 2.555482e-01 2.055862e-01 1.448856e-01 1.077590e-01 -3.871419e-01
<VARIANCE> 39
 1.719958e+01 5.265014e+01 3.201862e+01 1.039637e+02 7.052617e+01 3.835267e+01 8.407175e+01 2.739845e+01 2.703612e+01 5.353053e+01 4.526104e+01 1.688388e+01 4.538582e+01 2.579622e+00 3.563730e+00 3.245187e+00 2.327346e+00 3.081419e+00 3.015854e+00 4.268551e+00 2.336950e+00 2.997217e+00 5.562004e+00 3.674685e+00 1.591239e+00 5.567273e+00 4.446543e-01 7.576191e-01 4.399510e-01 4.786827e-01 6.818810e-01 6.168346e-01 6.487725e-01 4.106402e-01 4.735377e-01 9.171162e-01 5.367059e-01 2.807851e-01 8.015519e-01
<GCONST> 1.272564e+02
<STATE> 4
<MEAN> 39
 -2.668641e+00 -2.073552e+00 9.479069e-01 3.416087e+00 3.834049e+00 -3.409446e+00 -4.442865e+00 -9.611946e+00 -1.357339e+01 -5.566314e+00 6.679580e+00 2.179714e+00 7.597230e+01 -1.755622e-01 4.705606e-01 -2.203530e-01 -4.849266e-01 -4.500569e-01 3.223531e-01 3.946908e-01 1.058145e-02 3.642094e-01 5.916747e-01 4.999177e-02 1.936612e-02 -3.941108e-01 -2.406315e-01 1.756956e-01 1.391897e-01 4.269772e-02 2.568078e-02 1.619749e-01 6.373432e-02 1.601850e-01 3.037021e-01 3.811214e-02 -1.244305e-01 -5.741145e-02 -2.584669e-01
<VARIANCE> 39
 7.376726e+00 3.170837e+01 1.917864e+01 6.924289e+01 5.694699e+01 1.925535e+01 8.641602e+01 3.274629e+01 4.021452e+01 5.156697e+01 6.704949e+01 2.184136e+01 2.300270e+01 7.563117e-01 1.740428e+00 1.305311e+00 1.285481e+00 1.408884e+00 1.662559e+00 2.312539e+00 2.031934e+00 2.229340e+00 1.672391e+00 1.580466e+00 1.226413e+00 1.276869e+00 8.949979e-02 2.510057e-01 2.285119e-01 2.649831e-01 2.410112e-01 2.810398e-01 3.607140e-01 3.833961e-01 3.233732e-01 3.657774e-01 2.902134e-01 1.930673e-01 1.269963e-01
<GCONST> 1.043957e+02
<TRANSP> 5
 0.000000e+00 1.000000e+00 0.000000e+00 0.000000e+00 0.000000e+00
 0.000000e+00 8.252771e-01 1.747228e-01 0.000000e+00 0.000000e+00
 0.000000e+00 0.000000e+00 7.320902e-01 2.679097e-01 0.000000e+00
 0.000000e+00 0.000000e+00 0.000000e+00 8.604962e-01 1.395038e-01
 0.000000e+00 0.000000e+00 0.000000e+00 0.000000e+00 0.000000e+00
<ENDHMM>
~h "w"
<BEGINHMM>
<NUMSTATES> 5
<STATE> 2
<MEAN> 39
 -5.229365e+00 -2.246987e+00 7.014510e+00 2.291032e+00 2.047961e+00 8.663328e-01 -3.411595e-01 -1.103598e+01 -4.165321e+00 -5.146000e+00 -6.866803e+00 3.237210e-01 7.705601e+01 -3.078248e-01 7.272602e-01 6.865345e-01 6.444466e-01 7.085530e-01 2.506602e-01 -4.945011e-01 8.742393e-02 5.433933e-01 -4.695874e-01 -4.451852e-02 -5.675347e-01 -5.754076e-01 -2.066075e-02 -1.028962e-02 -1.096114e-01 -3.029626e-03 -5.062952e-02 -4.342554e-02 5.981951e-02 1.814288e-02 -1.793765e-02 1.326880e-01 1.096939e-01 -5.714551e-02 -4.645009e-02
<VARIANCE> 39
 7.365803e+00 5.304487e+01 3.746069e+01 8.819931e+01 3.147065e+01 1.631960e+01 3.120160e+01 2.506119e+01 2.444657e+01 2.521314e+01 3.851038e+01 3.286446e+01 3.044659e+01 4.786293e-01 1.493350e+00 9.296101e-01 2.402837e+00 1.469728e+00 1.654488e+00 1.515450e+00 1.818088e+00 1.748061e+00 1.729092e+00 2.268554e+00 1.657862e+00 9.251916e-01 7.727583e-02 3.059480e-01 2.456360e-01 3.162217e-01 1.973240e-01 3.017818e-01 2.172867e-01 2.920312e-01 2.806332e-01 3.176571e-01 3.926449e-01 2.824335e-01 1.121720e-01
<GCONST> 1.016747e+02
<STATE> 3
<MEAN> 39
 -6.342884e+00 -2.968699e+00 7.663697e+00 4.812171e+00 6.471594e+00 -3.763567e-01 -3.376894e+00 -1.058094e+01 -6.497058e+00 -9.299438e+00 -2.230696e+00 -7.767562e-01 7.627268e+01 1.288579e-01 2.925243e-01 -6.238089e-01 -3.733076e-01 5.028365e-02 3.072382e-01 9.432835e-02 1.903450e-01 -1.277668e-01 -3.380910e-02 1.960430e-01 4.162617e-03 -1.423168e-01 2.938276e-02 4.246633e-02 -3.724748e-02 4.847386e-02 -1.811718e-01 -3.374794e-02 1.050347e-01 1.704942e-01 2.180148e-02 -2.564266e-03 -1.069531e-01 3.287175e-02 -3.189720e-02
<VARIANCE> 39
 1.200130e+01 6.943559e+01 3.905001e+01 3.665863e+01 3.075977e+01 2.302742e+01 3.084838e+01 3.809747e+01 3.371219e+01 1.826219e+01 2.235172e+01 3.127732e+01 3.657406e+01 1.525923e+00 6.254696e+00 2.647404e+00 3.598581e+00 2.979578e+00 2.430418e+00 3.521636e+00 3.758846e+00 2.270022e+00 2.033633e+00 2.315645e+00 1.312632e+00 2.971551e+00 2.958475e-01 1.075139e+00 4.294546e-01 4.854317e-01 4.778164e-01 4.334203e-01 6.473800e-01 6.215308e-01 3.514094e-01 4.538839e-01 3.749354e-01 2.299416e-01 4.341134e-01
<GCONST> 1.183569e+02
<STATE> 4
<MEAN> 39
 -3.218571e+00 5.864367e+00 2.112294e+00 2.642082e+00 1.412748e+00 -3.337703e+00 -4.796925e+00 -4.690639e+00 -9.039020e+00 -7.939078e+00 4.269699e+00 9.451233e-01 7.176892e+01 -1.270800e-01 3.864928e-01 2.138222e-01 3.841953e-02 -4.039606e-01 -5.495360e-02 1.669432e-01 2.829893e-01 3.917612e-01 3.085441e-01 5.558808e-02 -1.373615e-01 -3.452275e-01 -7.954409e-02 -9.575957e-02 7.320080e-03 -2.015243e-02 4.154212e-03 7.681297e-03 6.308442e-02 -1.927675e-02 6.617680e-02 9.621318e-02 -1.434137e-02 -5.545689e-03 -1.315671e-02
<VARIANCE> 39
 7.581036e+00 2.895307e+01 3.185523e+01 1.866607e+01 2.511557e+01 2.662861e+01 2.025443e+01 2.552388e+01 2.647274e+01 2.219704e+01 3.463558e+01 3.681545e+01 1.309881e+01 8.861060e-01 1.384833e+00 1.429492e+00 1.118438e+00 1.162617e+00 2.105443e+00 1.729027e+00 1.643792e+00 2.048999e+00 2.176437e+00 1.659568e+00 8.994101e-01 1.074404e+00 1.175643e-01 2.552462e-01 2.053165e-01 2.172549e-01 1.788108e-01 3.286817e-01 2.879615e-01 2.727345e-01 4.152034e-01 3.646500e-01 2.371471e-01 1.527141e-01 1.535233e-01
<GCONST> 9.781590e+01
<TRANSP> 5
 0.000000e+00 1.000000e+00 0.000000e+00 0.000000e+00 0.000000e+00
 0.000000e+00 7.511684e-01 2.488316e-01 0.000000e+00 0.000000e+00
 0.000000e+00 0.000000e+00 7.811977e-01 2.188023e-01 0.000000e+00
 0.000000e+00 0.000000e+00 0.000000e+00 7.632707e-01 2.367293e-01
 0.000000e+00 0.000000e+00 0.000000e+00 0.000000e+00 0.000000e+00
<ENDHMM>
~h "y"
<BEGINHMM>
<NUMSTATES> 5
<STATE> 2
<MEAN> 39
 -1.751290e+01 4.139923e-01 -1.797842e+00 -8.150760e-01 2.880214e-01 1.330803e+00 4.368314e+00 2.480981e+00 3.201165e+00 2.627387e+00 1.529788e+00 9.977979e-01 6.238299e+01 -2.290291e-01 -2.631398e-01 -4.677797e-01 -5.355343e-01 -4.865124e-01 -1.869155e-01 1.944804e-01 9.555139e-03 -1.555993e-01 -1.622811e-01 -2.372267e-01 -1.126600e-01 -1.356372e-01 8.814540e-02 1.171863e-01 1.131427e-01 1.497980e-01 7.209267e-02 -2.389539e-02 -1.420811e-01 -8.828574e-02 -4.525718e-02 -5.619477e-02 1.028616e-02 -2.121018e-02 3.476683e-02
<VARIANCE> 39
 5.131992e+01 2.299432e+01 9.197961e+00 1.591009e+01 1.070747e+01 1.988920e+01 7.905948e+00 5.639480e+01 4.182319e+01 1.079097e+01 2.184875e+01 1.026688e+01 7.497787e+01 2.235958e-01 4.103532e-01 5.606412e-01 6.740341e-01 9.162307e-01 7.857011e-01 1.252032e+00 9.681558e-01 7.484488e-01 8.144470e-01 9.146251e-01 9.238775e-01 4.745276e-02 2.908688e-02 5.045851e-02 7.948205e-02 1.096094e-01 1.380353e-01 1.763897e-01 2.224249e-01 1.998515e-01 1.604164e-01 1.665966e-01 1.555646e-01 2.166821e-01 1.045706e-02
<GCONST> 7.416204e+01
<STATE> 3
<MEAN> 39
 -9.734950e+00 -3.984040e+00 -5.232617e-01 -2.898015e+00 -1.399131e+00 -6.537457e-01 4.145753e+00 -5.701546e+00 -2.517275e+00 3.571718e-01 -1.004115e+00 3.067982e+00 7.185739e+01 2.154694e-02 2.370768e-01 -3.133965e-01 -5.809401e-02 -2.447724e-01 5.743682e-02 3.924326e-01 2.386275e-01 5.788990e-02 -7.842878e-02 -4.290587e-01 -1.546928e-01 -1.310383e-01 -5.017255e-03 1.746538e-01 5.532489e-02 1.714094e-01 7.421444e-02 -6.234950e-02 -3.314579e-01 7.228734e-02 1.036940e-01 -1.364151e-01 -6.396663e-02 -2.704154e-01 -6.220885e-02
<VARIANCE> 39
 9.309734e+01 3.817245e+01 1.956962e+01 3.226097e+01 1.141306e+01 3.792653e+01 8.694690e+00 8.581496e+01 5.779533e+01 2.795325e+01 6.681419e+01 8.971590e+00 1.351559e+02 1.041933e-01 2.809992e-01 3.776430e-01 4.215435e-01 8.556008e-01 5.852818e-01 1.080882e+00 7.720629e-01 6.455787e-01 6.646775e-01 1.034193e+00 8.660656e-01 3.722416e-02 2.223354e-02 9.598662e-02 1.052051e-01 1.784463e-01 1.173413e-01 1.139092e-01 2.277158e-01 1.541266e-01 1.401604e-01 1.477595e-01 1.968030e-01 1.635250e-01 3.948672e-02
<GCONST> 7.885294e+01
<STATE> 4
<MEAN> 39
 -5.879348e+00 -5.570641e+00 -1.196834e+00 -4.879360e+00 -3.312581e+00 -2.691773e+00 4.948575e+00 -8.043281e+00 -4.867688e+00 1.770122e-01 -2.726723e+00 2.700078e+00 7.615035e+01 1.512957e-02 1.119519e+00 -5.014880e-01 2.641133e-01 -4.818422e-01 -8.407968e-02 -1.277131e-01 7.831260e-01 5.124060e-01 -4.206573e-01 -8.524667e-01 -9.645193e-01 -5.416294e-01 -5.847070e-02 5.123966e-01 1.939943e-01 2.748213e-01 3.141015e-01 -7.761618e-02 -5.378882e-01 1.301082e-01 5.552281e-02 -3.164080e-01 1.418975e-02 -2.754401e-01 -2.719433e-01
<VARIANCE> 39
 8.266592e+01 3.671911e+01 1.814518e+01 3.339939e+01 1.640103e+01 4.002897e+01 1.022157e+01 5.748310e+01 5.313426e+01 3.337019e+01 6.617087e+01 1.104740e+01 1.165094e+02 1.104074e-01 1.192873e+00 5.591423e-01 1.187988e+00 6.651896e-01 7.159802e-01 7.755211e-01 7.827373e-01 7.354836e-01 8.399366e-01 1.008349e+00 9.649349e-01 3.255564e-01 1.090008e-01 1.248581e-01 1.235287e-01 2.459240e-01 1.802560e-01 1.852623e-01 1.992209e-01 2.027565e-01 2.011166e-01 1.877430e-01 2.332004e-01 2.140078e-01 2.570890e-01
<GCONST> 9.045763e+01
<TRANSP> 5
 0.000000e+00 1.000000e+00 0.000000e+00 0.000000e+00 0.000000e+00
 0.000000e+00 7.448550e-01 2.551450e-01 0.000000e+00 0.000000e+00
 0.000000e+00 0.000000e+00 2.985267e-01 7.014733e-01 0.000000e+00
 0.000000e+00 0.000000e+00 0.000000e+00 3.617752e-01 6.382248e-01
 0.000000e+00 0.000000e+00 0.000000e+00 0.000000e+00 0.000000e+00
<ENDHMM>
~h "sy"
<BEGINHMM>
<NUMSTATES> 5
<STATE> 2
<MEAN> 39
 -2.072391e+01 8.513924e-01 -4.004743e+00 -1.367654e+00 -4.045649e-01 1.426549e+00 1.030748e+00 4.562234e-01 5.880147e-01 9.057832e-01 2.355808e-01 2.016780e-01 5.217714e+01 -5.254886e-02 -5.132806e-02 -2.235913e-02 -1.183195e-02 -3.776157e-02 -3.062555e-02 -3.557878e-03 5.698068e-03 5.854470e-02 1.888862e-02 -3.797876e-02 -3.812370e-02 -1.269545e-03 1.278163e-02 2.716146e-03 1.173753e-02 1.103599e-04 7.289401e-03 8.904654e-03 5.267124e-03 4.031383e-03 -2.966202e-03 -9.477499e-03 -7.465677e-03 1.006721e-02 1.391528e-02
<VARIANCE> 39
 1.005723e+00 2.190562e+00 3.778436e+00 4.841686e+00 5.047992e+00 5.694515e+00 1.004641e+01 1.571184e+01 1.841163e+01 1.013258e+01 8.999285e+00 6.462529e+00 3.015337e+01 8.807654e-02 1.609319e-01 2.948172e-01 3.570108e-01 4.803691e-01 6.257724e-01 7.649564e-01 9.145334e-01 7.656192e-01 6.940141e-01 7.818962e-01 6.776324e-01 5.278032e-02 1.920427e-02 4.102856e-02 6.575264e-02 7.612734e-02 8.943209e-02 1.224335e-01 1.662644e-01 1.936774e-01 1.645334e-01 1.487207e-01 1.584225e-01 1.387801e-01 1.019140e-02
<GCONST> 5.170845e+01
<STATE> 3
<MEAN> 39
 -2.100817e+01 4.011157e-02 -4.100510e+00 -2.116612e+00 -4.727088e-01 1.989395e+00 1.493330e+00 2.420550e-01 1.483316e+00 7.283458e-01 -1.248188e+00 -3.378960e-01 5.259805e+01 4.496061e-02 1.475360e-02 5.944899e-02 -3.608004e-02 2.388665e-02 -1.794310e-01 -2.731160e-01 -3.488491e-01 -6.001813e-01 -2.462120e-01 -1.972571e-03 1.594831e-01 7.944721e-02 7.674098e-06 -4.735241e-02 1.421652e-01 3.785962e-02 -1.059277e-01 -1.010126e-01 -1.453259e-01 -1.846586e-01 -3.266003e-01 -9.155279e-03 1.943377e-01 -1.635572e-01 2.804554e-02
<VARIANCE> 39
 9.000261e-01 2.643045e+00 3.994016e+00 4.272245e+00 6.426493e+00 4.779009e+00 8.460515e+00 2.278837e+01 1.810790e+01 4.664378e+00 4.346674e+00 3.603268e+00 2.462435e+01 4.623426e-02 1.970106e-01 2.321891e-01 2.067739e-01 2.188482e-01 3.462819e-01 7.376332e-01 5.044072e-01 1.382881e+00 5.006967e-01 3.787305e-01 4.934918e-01 1.879188e-01 2.603314e-02 1.240012e-01 1.660363e-01 1.113124e-01 1.227087e-01 1.639400e-01 1.252471e-01 1.962214e-01 2.539775e-01 1.707278e-01 7.583535e-02 7.917026e-02 8.748319e-02
<GCONST> 5.140959e+01
<STATE> 4
<MEAN> 39
 -2.097312e+01 5.425749e-01 -4.326212e+00 -1.680455e+00 -9.616632e-01 1.319411e+00 4.725447e-01 8.906993e-01 1.087880e+00 1.950448e+00 5.785545e-01 1.781377e-01 5.342579e+01 -9.820461e-02 -3.329700e-01 4.967877e-01 -1.095904e-01 -2.897968e-01 -1.881149e-01 -5.395585e-01 -5.471029e-01 -6.529717e-01 -9.760495e-02 2.376007e-01 -3.421328e-01 1.610966e-01 -4.793957e-02 -2.621741e-01 4.357706e-01 -7.092090e-02 -7.138128e-02 -2.013782e-02 1.843414e-01 1.974070e-02 -2.848028e-02 -9.115690e-02 6.972227e-02 -2.017140e-01 3.559348e-01
<VARIANCE> 39
 9.000261e-01 1.195343e+00 2.732432e+00 2.376614e+00 4.048185e+00 3.805113e+00 5.037907e+00 1.382327e+01 1.142319e+01 5.970173e+00 8.256938e+00 5.643221e+00 2.972154e+01 1.594890e-01 8.364566e-01 1.371462e+00 6.111881e-01 4.340979e-01 8.185157e-01 4.671211e-01 7.468143e-01 7.562174e-01 7.491716e-01 4.506965e-01 4.542743e-01 2.716542e-01 9.516007e-02 1.728381e-01 1.993358e-01 7.924910e-02 9.763168e-02 1.583736e-01 1.798112e-01 1.358312e-01 3.121787e-01 1.149696e-01 1.311361e-01 5.468096e-02 1.407526e-01
<GCONST> 5.795597e+01
<TRANSP> 5
 0.000000e+00 1.000000e+00 0.000000e+00 0.000000e+00 0.000000e+00
 0.000000e+00 9.523134e-01 4.768658e-02 0.000000e+00 0.000000e+00
 0.000000e+00 0.000000e+00 3.211399e-01 6.788601e-01 0.000000e+00
 0.000000e+00 0.000000e+00 0.000000e+00 3.242851e-02 9.675714e-01
 0.000000e+00 0.000000e+00 0.000000e+00 0.000000e+00 0.000000e+00
<ENDHMM>
~h "sil"
<BEGINHMM>
<NUMSTATES> 5
<STATE> 2
<MEAN> 39
 -2.154316e+01 2.003314e+00 -7.233981e+00 1.876630e+00 -3.804456e+00 3.951945e+00 -3.522638e+00 2.034532e+00 -2.658935e+00 9.128261e-01 -4.897868e-01 -1.605386e-02 3.016360e+01 1.111736e-01 -1.641428e-02 4.905576e-02 -4.308338e-02 6.455464e-02 -2.468988e-02 5.043622e-02 -5.072118e-02 8.160483e-03 -2.539538e-03 -1.763961e-02 7.999301e-03 1.577454e-01 6.232594e-03 2.625511e-03 5.479034e-03 8.397547e-04 5.474261e-03 3.734849e-03 5.737753e-03 2.858472e-03 7.655995e-03 6.891596e-03 7.327758e-03 3.724045e-03 1.113652e-02
<VARIANCE> 39
 1.391309e+02 3.037229e+00 2.148901e+01 5.970324e+00 1.357376e+01 8.935636e+00 1.332070e+01 1.107505e+01 6.866885e+00 5.348903e+00 4.814846e+00 4.440045e+00 2.816459e+02 1.869566e-01 1.151042e-01 1.733951e-01 2.265858e-01 3.011840e-01 3.754297e-01 4.472539e-01 4.800544e-01 4.956053e-01 4.923598e-01 4.623329e-01 4.513131e-01 1.808832e-01 2.371432e-02 2.222190e-02 3.207175e-02 4.498805e-02 5.911669e-02 7.625119e-02 9.084851e-02 9.491193e-02 1.029081e-01 9.954484e-02 9.173944e-02 9.373638e-02 1.296920e-02
<GCONST> 5.126830e+01
<STATE> 3
<MEAN> 39
 -1.418895e+01 1.554526e+00 -1.635214e+00 4.974519e-01 5.802380e-01 1.192435e+00 9.569973e-01 1.860321e+00 1.015549e+00 1.046826e+00 1.118858e+00 -1.277542e-01 3.484026e+01 -1.411701e+00 6.985678e-02 -1.981601e-01 -4.600388e-02 4.239538e-02 1.439555e-01 2.842188e-01 2.790594e-01 3.113537e-01 1.939765e-01 1.059842e-01 -2.844367e-03 3.492441e+00 1.852536e-02 -2.338049e-03 3.913336e-03 -5.281508e-03 8.581106e-03 5.472543e-03 6.132491e-03 -4.411194e-03 6.186739e-04 -6.806545e-03 -1.416107e-02 -1.454639e-02 1.460561e-01
<VARIANCE> 39
 8.989632e+01 5.171536e+00 9.355720e+00 8.125329e+00 9.855538e+00 9.288746e+00 1.925347e+01 1.160469e+01 2.085562e+01 9.453524e+00 1.152831e+01 6.754062e+00 5.859465e+02 6.438120e+00 4.063044e-01 5.459858e-01 5.816041e-01 5.851920e-01 6.908801e-01 1.027350e+00 9.437281e-01 1.012650e+00 7.772980e-01 7.882382e-01 5.621533e-01 1.396823e+01 1.288874e+00 6.753412e-02 9.898200e-02 1.091558e-01 1.192350e-01 1.416658e-01 1.964775e-01 1.787299e-01 1.882452e-01 1.549095e-01 1.449264e-01 1.102047e-01 1.958503e+00
<GCONST> 8.715070e+01
<STATE> 4
<MEAN> 39
 -2.070975e+01 1.005581e+00 -3.502574e+00 -1.250313e+00 -1.756098e-01 1.613644e+00 3.262650e+00 3.324774e+00 3.416422e+00 1.693449e+00 6.862530e-01 -5.644664e-01 5.642969e+01 -4.768691e-03 -1.416831e-02 -1.165730e-02 -1.703478e-02 -1.079485e-02 -1.447736e-02 -1.121820e-02 -1.367059e-02 -1.004649e-02 -9.014380e-03 -4.997230e-04 -2.868132e-03 2.402937e-02 4.413614e-03 -5.843583e-05 4.628561e-03 2.989736e-03 1.435285e-03 -2.927966e-04 -2.112203e-03 -8.145799e-03 -8.487549e-03 -2.702705e-03 3.803224e-03 9.885259e-04 -4.430830e-03
<VARIANCE> 39
 1.413300e+00 2.071674e+00 3.717326e+00 4.848382e+00 5.538578e+00 6.187216e+00 9.082302e+00 1.631909e+01 1.413354e+01 8.553994e+00 7.085224e+00 6.817771e+00 2.118662e+01 1.013395e-01 1.580918e-01 2.783923e-01 4.196218e-01 5.073803e-01 5.951446e-01 7.152972e-01 9.168200e-01 9.144189e-01 7.903986e-01 7.168252e-01 6.880151e-01 8.461017e-02 2.037023e-02 3.261202e-02 5.448330e-02 8.382764e-02 1.043808e-01 1.240460e-01 1.463406e-01 1.885080e-01 1.904369e-01 1.659700e-01 1.499208e-01 1.408325e-01 2.062603e-02
<GCONST> 5.266401e+01
<TRANSP> 5
 0.000000e+00 1.000000e+00 0.000000e+00 0.000000e+00 0.000000e+00
 0.000000e+00 9.401961e-01 5.980393e-02 0.000000e+00 0.000000e+00
 0.000000e+00 0.000000e+00 7.869905e-01 2.130096e-01 0.000000e+00
 0.000000e+00 0.000000e+00 0.000000e+00 9.800445e-01 1.995546e-02
 0.000000e+00 0.000000e+00 0.000000e+00 0.000000e+00 0.000000e+00
<ENDHMM>
