~o
<STREAMINFO> 1 39
<VECSIZE> 39<NULLD><MFCC_D_A_0><DIAGC>
~t "T_a"
<TRANSP> 5
 0.000000e+00 1.000000e+00 0.000000e+00 0.000000e+00 0.000000e+00
 0.000000e+00 7.563282e-01 2.436718e-01 0.000000e+00 0.000000e+00
 0.000000e+00 0.000000e+00 7.004730e-01 2.995270e-01 0.000000e+00
 0.000000e+00 0.000000e+00 0.000000e+00 7.935151e-01 2.064849e-01
 0.000000e+00 0.000000e+00 0.000000e+00 0.000000e+00 0.000000e+00
~t "T_b"
<TRANSP> 5
 0.000000e+00 1.000000e+00 0.000000e+00 0.000000e+00 0.000000e+00
 0.000000e+00 8.556980e-01 1.443020e-01 0.000000e+00 0.000000e+00
 0.000000e+00 0.000000e+00 9.587419e-01 4.125812e-02 0.000000e+00
 0.000000e+00 0.000000e+00 0.000000e+00 7.030617e-01 2.969383e-01
 0.000000e+00 0.000000e+00 0.000000e+00 0.000000e+00 0.000000e+00
~t "T_d"
<TRANSP> 5
 0.000000e+00 1.000000e+00 0.000000e+00 0.000000e+00 0.000000e+00
 0.000000e+00 8.859730e-01 1.140270e-01 0.000000e+00 0.000000e+00
 0.000000e+00 0.000000e+00 9.043231e-01 9.567684e-02 0.000000e+00
 0.000000e+00 0.000000e+00 0.000000e+00 6.170564e-01 3.829435e-01
 0.000000e+00 0.000000e+00 0.000000e+00 0.000000e+00 0.000000e+00
~t "T_e"
<TRANSP> 5
 0.000000e+00 1.000000e+00 0.000000e+00 0.000000e+00 0.000000e+00
 0.000000e+00 5.884137e-01 4.115863e-01 0.000000e+00 0.000000e+00
 0.000000e+00 0.000000e+00 6.809444e-01 3.190556e-01 0.000000e+00
 0.000000e+00 0.000000e+00 0.000000e+00 6.114376e-01 3.885624e-01
 0.000000e+00 0.000000e+00 0.000000e+00 0.000000e+00 0.000000e+00
~t "T_f"
<TRANSP> 5
 0.000000e+00 1.000000e+00 0.000000e+00 0.000000e+00 0.000000e+00
 0.000000e+00 9.090908e-01 9.090919e-02 0.000000e+00 0.000000e+00
 0.000000e+00 0.000000e+00 3.812538e-15 1.000000e+00 0.000000e+00
 0.000000e+00 0.000000e+00 0.000000e+00 2.499966e-01 7.500034e-01
 0.000000e+00 0.000000e+00 0.000000e+00 0.000000e+00 0.000000e+00
~t "T_g"
<TRANSP> 5
 0.000000e+00 1.000000e+00 0.000000e+00 0.000000e+00 0.000000e+00
 0.000000e+00 4.997930e-01 5.002070e-01 0.000000e+00 0.000000e+00
 0.000000e+00 0.000000e+00 5.420867e-01 4.579133e-01 0.000000e+00
 0.000000e+00 0.000000e+00 0.000000e+00 8.791516e-01 1.208484e-01
 0.000000e+00 0.000000e+00 0.000000e+00 0.000000e+00 0.000000e+00
~t "T_i"
<TRANSP> 5
 0.000000e+00 1.000000e+00 0.000000e+00 0.000000e+00 0.000000e+00
 0.000000e+00 5.956783e-01 4.043217e-01 0.000000e+00 0.000000e+00
 0.000000e+00 0.000000e+00 6.061050e-01 3.938950e-01 0.000000e+00
 0.000000e+00 0.000000e+00 0.000000e+00 8.693867e-01 1.306133e-01
 0.000000e+00 0.000000e+00 0.000000e+00 0.000000e+00 0.000000e+00
~t "T_j"
<TRANSP> 5
 0.000000e+00 1.000000e+00 0.000000e+00 0.000000e+00 0.000000e+00
 0.000000e+00 7.655331e-01 2.344669e-01 0.000000e+00 0.000000e+00
 0.000000e+00 0.000000e+00 6.671849e-01 3.328151e-01 0.000000e+00
 0.000000e+00 0.000000e+00 0.000000e+00 8.840280e-01 1.159720e-01
 0.000000e+00 0.000000e+00 0.000000e+00 0.000000e+00 0.000000e+00
~t "T_k"
<TRANSP> 5
 0.000000e+00 1.000000e+00 0.000000e+00 0.000000e+00 0.000000e+00
 0.000000e+00 8.887493e-01 1.112507e-01 0.000000e+00 0.000000e+00
 0.000000e+00 0.000000e+00 7.357696e-01 2.642304e-01 0.000000e+00
 0.000000e+00 0.000000e+00 0.000000e+00 6.988720e-01 3.011280e-01
 0.000000e+00 0.000000e+00 0.000000e+00 0.000000e+00 0.000000e+00
~t "T_l"
<TRANSP> 5
 0.000000e+00 1.000000e+00 0.000000e+00 0.000000e+00 0.000000e+00
 0.000000e+00 6.408755e-01 3.591245e-01 0.000000e+00 0.000000e+00
 0.000000e+00 0.000000e+00 7.142524e-01 2.857476e-01 0.000000e+00
 0.000000e+00 0.000000e+00 0.000000e+00 7.305816e-01 2.694184e-01
 0.000000e+00 0.000000e+00 0.000000e+00 0.000000e+00 0.000000e+00
~t "T_m"
<TRANSP> 5
 0.000000e+00 1.000000e+00 0.000000e+00 0.000000e+00 0.000000e+00
 0.000000e+00 9.508885e-01 4.911152e-02 0.000000e+00 0.000000e+00
 0.000000e+00 0.000000e+00 6.475649e-01 3.524350e-01 0.000000e+00
 0.000000e+00 0.000000e+00 0.000000e+00 6.477457e-01 3.522543e-01
 0.000000e+00 0.000000e+00 0.000000e+00 0.000000e+00 0.000000e+00
~t "T_n"
<TRANSP> 5
 0.000000e+00 1.000000e+00 0.000000e+00 0.000000e+00 0.000000e+00
 0.000000e+00 6.163046e-01 3.836954e-01 0.000000e+00 0.000000e+00
 0.000000e+00 0.000000e+00 7.593258e-01 2.406742e-01 0.000000e+00
 0.000000e+00 0.000000e+00 0.000000e+00 6.736134e-01 3.263867e-01
 0.000000e+00 0.000000e+00 0.000000e+00 0.000000e+00 0.000000e+00
~t "T_o"
<TRANSP> 5
 0.000000e+00 1.000000e+00 0.000000e+00 0.000000e+00 0.000000e+00
 0.000000e+00 6.709830e-01 3.290171e-01 0.000000e+00 0.000000e+00
 0.000000e+00 0.000000e+00 6.845556e-01 3.154444e-01 0.000000e+00
 0.000000e+00 0.000000e+00 0.000000e+00 7.714148e-01 2.285852e-01
 0.000000e+00 0.000000e+00 0.000000e+00 0.000000e+00 0.000000e+00
~t "T_p"
<TRANSP> 5
 0.000000e+00 1.000000e+00 0.000000e+00 0.000000e+00 0.000000e+00
 0.000000e+00 9.187514e-01 8.124860e-02 0.000000e+00 0.000000e+00
 0.000000e+00 0.000000e+00 4.579647e-01 5.420353e-01 0.000000e+00
 0.000000e+00 0.000000e+00 0.000000e+00 4.906012e-01 5.093988e-01
 0.000000e+00 0.000000e+00 0.000000e+00 0.000000e+00 0.000000e+00
~t "T_r"
<TRANSP> 5
 0.000000e+00 1.000000e+00 0.000000e+00 0.000000e+00 0.000000e+00
 0.000000e+00 7.513662e-01 2.486338e-01 0.000000e+00 0.000000e+00
 0.000000e+00 0.000000e+00 5.861924e-01 4.138076e-01 0.000000e+00
 0.000000e+00 0.000000e+00 0.000000e+00 7.175010e-01 2.824990e-01
 0.000000e+00 0.000000e+00 0.000000e+00 0.000000e+00 0.000000e+00
~t "T_s"
<TRANSP> 5
 0.000000e+00 1.000000e+00 0.000000e+00 0.000000e+00 0.000000e+00
 0.000000e+00 6.228846e-01 3.771155e-01 0.000000e+00 0.000000e+00
 0.000000e+00 0.000000e+00 7.285764e-01 2.714236e-01 0.000000e+00
 0.000000e+00 0.000000e+00 0.000000e+00 9.240256e-01 7.597438e-02
 0.000000e+00 0.000000e+00 0.000000e+00 0.000000e+00 0.000000e+00
~t "T_t"
<TRANSP> 5
 0.000000e+00 1.000000e+00 0.000000e+00 0.000000e+00 0.000000e+00
 0.000000e+00 9.431536e-01 5.684636e-02 0.000000e+00 0.000000e+00
 0.000000e+00 0.000000e+00 8.117954e-01 1.882046e-01 0.000000e+00
 0.000000e+00 0.000000e+00 0.000000e+00 7.684270e-01 2.315730e-01
 0.000000e+00 0.000000e+00 0.000000e+00 0.000000e+00 0.000000e+00
~t "T_u"
<TRANSP> 5
 0.000000e+00 1.000000e+00 0.000000e+00 0.000000e+00 0.000000e+00
 0.000000e+00 8.692490e-01 1.307510e-01 0.000000e+00 0.000000e+00
 0.000000e+00 0.000000e+00 8.242391e-01 1.757609e-01 0.000000e+00
 0.000000e+00 0.000000e+00 0.000000e+00 7.644888e-01 2.355112e-01
 0.000000e+00 0.000000e+00 0.000000e+00 0.000000e+00 0.000000e+00
~t "T_w"
<TRANSP> 5
 0.000000e+00 1.000000e+00 0.000000e+00 0.000000e+00 0.000000e+00
 0.000000e+00 6.820474e-01 3.179526e-01 0.000000e+00 0.000000e+00
 0.000000e+00 0.000000e+00 8.336718e-01 1.663282e-01 0.000000e+00
 0.000000e+00 0.000000e+00 0.000000e+00 8.665097e-01 1.334903e-01
 0.000000e+00 0.000000e+00 0.000000e+00 0.000000e+00 0.000000e+00
~t "T_y"
<TRANSP> 5
 0.000000e+00 1.000000e+00 0.000000e+00 0.000000e+00 0.000000e+00
 0.000000e+00 2.257773e-01 7.742227e-01 0.000000e+00 0.000000e+00
 0.000000e+00 0.000000e+00 8.373891e-01 1.626109e-01 0.000000e+00
 0.000000e+00 0.000000e+00 0.000000e+00 5.732394e-01 4.267606e-01
 0.000000e+00 0.000000e+00 0.000000e+00 0.000000e+00 0.000000e+00
~t "T_sy"
<TRANSP> 5
 0.000000e+00 1.000000e+00 0.000000e+00 0.000000e+00 0.000000e+00
 0.000000e+00 9.666209e-01 3.337909e-02 0.000000e+00 0.000000e+00
 0.000000e+00 0.000000e+00 4.868587e-01 5.131413e-01 0.000000e+00
 0.000000e+00 0.000000e+00 0.000000e+00 6.003804e-01 3.996196e-01
 0.000000e+00 0.000000e+00 0.000000e+00 0.000000e+00 0.000000e+00
~s "ST_f_2_1"
<MEAN> 39
 -7.101354e+00 4.966436e+00 1.040991e+01 1.871350e+01 1.031818e+01 -8.247986e+00 -8.232119e+00 -1.336924e+00 -1.597821e+01 -7.658071e+00 9.296152e+00 -5.226637e+00 6.915993e+01 -4.081060e-01 4.347511e-01 -1.805359e-02 -2.300369e-01 -6.519271e-01 5.696493e-01 1.046449e+00 -3.447416e-02 7.246431e-01 5.839405e-01 -6.028362e-01 4.365437e-03 -5.287620e-01 -7.404875e-02 5.671632e-02 -1.716442e-02 -2.055203e-01 6.662219e-02 2.429526e-01 2.390867e-02 3.724498e-02 2.801116e-01 1.443474e-01 -9.390849e-02 5.704539e-02 -5.272446e-02
<VARIANCE> 39
 2.355335e+00 5.747009e+00 8.029854e+00 7.741638e+00 8.507858e+00 1.339208e+01 1.639037e+01 2.387486e+01 1.925804e+01 1.890581e+01 1.480200e+01 5.553082e+00 3.610840e+00 6.662504e-02 3.002207e-01 4.177345e-01 1.085649e+00 6.608047e-01 1.633488e+00 1.521517e+00 1.767573e+00 2.235286e+00 1.338266e+00 8.977079e-01 6.099539e-01 7.587230e-02 2.109102e-02 5.445227e-02 9.668469e-02 1.600039e-01 1.042789e-01 1.873070e-01 3.650987e-01 4.176948e-01 4.300562e-01 2.451420e-01 2.154257e-01 1.504322e-01 1.456539e-02
<GCONST> 6.832310e+01
~s "ST_f_3_1"
<MEAN> 39
 -1.008952e+01 8.110119e+00 9.362232e+00 1.586687e+01 7.820873e+00 -2.058365e+00 -1.433217e+00 -2.517217e+00 -7.930561e+00 -1.560726e+00 3.696202e+00 -5.891466e+00 6.555697e+01 -9.254469e-01 7.461488e-01 8.841276e-02 -1.208662e+00 -2.707510e-01 1.576829e+00 1.755286e+00 1.030271e+00 2.720596e+00 1.176045e+00 -1.240502e+00 1.625518e+00 -9.949940e-01 -1.618029e-01 -1.537853e-01 -1.260074e-01 -2.386136e-01 -2.904248e-02 1.676767e-02 3.432274e-01 9.825658e-01 3.889642e-01 -2.685328e-01 1.193737e-01 4.461013e-01 -1.191303e-01
<VARIANCE> 39
 1.683495e+00 1.611092e+00 5.960564e+00 5.347961e+00 4.069481e-01 2.055164e-01 7.009854e+00 1.061419e+01 1.577591e+01 6.168862e+00 2.921619e-01 1.658337e+00 1.447754e+00 2.079129e-02 1.901455e-01 4.721299e-01 1.059917e-01 1.061666e-01 6.120794e-01 3.421155e+00 2.415588e-01 2.788305e-02 6.127670e-01 5.219544e-01 5.878403e-01 1.980202e-02 3.220087e-03 2.805983e-02 9.956906e-02 7.317521e-02 2.226987e-02 8.069755e-03 1.005611e-01 5.249602e-02 2.119838e-01 6.651599e-02 6.847280e-02 8.365127e-02 8.693419e-03
<GCONST> 1.929223e+01
~s "ST_f_4_1"
<MEAN> 39
 -1.104830e+01 9.885055e+00 9.441878e+00 1.319289e+01 7.294396e+00 -9.888372e-02 -1.085364e+00 -1.993181e+00 -5.349211e+00 -2.623313e+00 2.727979e+00 -1.677406e+00 6.415990e+01 -1.058306e+00 5.256658e-01 -1.608617e-01 -1.713894e+00 -3.180457e-01 2.106472e+00 2.345170e+00 2.385113e+00 3.083644e+00 5.276667e-01 -1.008575e+00 1.398919e+00 -1.053793e+00 -1.513045e-01 -4.438637e-01 -5.300215e-01 -2.966622e-01 -3.647590e-02 7.686599e-02 3.450330e-01 5.461720e-01 5.691214e-02 1.039848e-01 4.166465e-01 2.933143e-02 -8.122189e-03
<VARIANCE> 39
 1.408546e+00 2.769112e+00 1.232750e+00 2.444061e+00 3.604271e+00 1.941317e+01 1.699079e+01 1.984275e+01 9.947031e+00 6.105618e-01 1.153981e+01 2.420712e+00 1.447754e+00 2.079129e-02 1.261936e-01 7.270210e-01 4.350979e-01 4.307470e-02 3.539567e-01 6.759505e-01 1.051841e-01 1.147255e+00 1.121396e+00 1.808439e-01 2.373518e-01 1.980202e-02 2.837785e-03 2.679740e-02 3.164193e-02 1.292574e-02 3.689790e-02 1.615823e-01 4.597927e-01 1.374070e-01 2.866589e-02 8.140353e-02 1.112371e-01 1.675405e-01 8.635286e-03
<GCONST> 2.900894e+01
~s "ST_s_2_1"
<MEAN> 39
 -1.612009e+01 2.120941e+00 -2.974276e-01 1.107496e+00 1.012726e+00 3.531175e-01 7.740977e-01 5.261245e-01 -1.786375e+00 -2.110421e-01 3.668662e+00 4.872555e-01 6.258469e+01 3.608080e-01 -4.820302e-01 1.987560e+00 3.221079e-01 2.029286e-01 2.601355e-01 -8.846321e-01 -7.035421e-01 -1.182061e+00 -2.265789e-01 8.925025e-01 -3.425659e-01 1.012534e+00 -2.710153e-01 -4.958709e-01 6.999002e-01 -3.714750e-01 -1.713426e-02 9.484424e-02 -2.322417e-01 -1.055281e-01 -1.836641e-01 -2.086706e-02 9.785356e-02 -2.407168e-01 3.499988e-01
<VARIANCE> 39
 4.588977e+01 1.923371e+01 2.100548e+01 2.140184e+01 1.695315e+01 1.295823e+01 1.941277e+01 3.035103e+01 8.982568e+01 1.905345e+01 1.752560e+01 8.124660e+00 2.611914e+01 5.313637e+00 4.131649e+00 3.290210e+00 3.483279e+00 2.548236e+00 1.467234e+00 2.903049e+00 4.070184e+00 6.686899e+00 3.823216e+00 1.317035e+00 1.273846e+00 1.328422e+00 5.226018e-01 3.240073e-01 6.962572e-01 5.037807e-01 3.082803e-01 3.140002e-01 4.213261e-01 4.883330e-01 8.113202e-01 4.392250e-01 2.847727e-01 1.872010e-01 1.299867e-01
<GCONST> 1.126208e+02
~s "ST_s_3_1"
<MEAN> 39
 -1.817755e+01 -5.047222e+00 1.249790e+01 -3.326069e-01 3.877077e+00 1.818722e+00 -3.564318e+00 -1.556678e+00 -6.927208e+00 -9.073096e-01 7.805036e+00 -2.115842e+00 6.927817e+01 -2.185927e+00 -2.244964e+00 2.616730e+00 -1.628751e+00 4.972131e-01 4.383057e-01 -1.905690e-01 1.079309e-01 7.557830e-01 7.509716e-01 8.893926e-02 -6.778487e-01 9.635281e-01 -2.385734e-01 3.307825e-03 -5.049842e-01 -2.425056e-01 -1.022021e-01 -1.882098e-01 2.201144e-01 1.377286e-01 4.065638e-01 1.340514e-01 -2.143601e-01 -4.297965e-02 -1.936928e-01
<VARIANCE> 39
 9.962381e+01 5.223235e+01 5.175461e+01 1.106674e+02 4.868465e+01 2.194193e+01 2.623353e+01 4.555173e+01 6.416725e+01 3.422159e+01 2.204182e+01 1.641406e+01 1.097412e+01 6.686423e+00 2.296166e+00 5.643854e+00 5.809482e+00 1.874678e+00 2.224698e+00 3.127207e+00 3.073414e+00 6.954920e+00 2.363770e+00 1.686405e+00 1.014779e+00 8.651316e-01 9.382859e-01 4.818909e-01 9.776961e-01 1.237704e+00 5.141393e-01 4.698146e-01 6.020530e-01 5.823755e-01 8.654398e-01 4.777631e-01 4.141479e-01 2.650644e-01 8.010120e-02
<GCONST> 1.233437e+02
~s "ST_s_4_1"
<MEAN> 39
 -5.712862e+00 -2.419174e+00 2.185353e+00 4.974126e+00 3.449678e+00 -5.288319e+00 -6.897487e+00 -9.413989e+00 -1.543014e+01 5.099029e-01 1.073515e+01 -7.471863e-01 7.397372e+01 9.343062e-01 7.251131e-01 -7.229909e-01 5.230105e-01 -3.405456e-02 -3.000208e-01 7.264042e-03 -1.166987e-01 -3.345143e-01 -2.045256e-01 6.021488e-02 2.460659e-01 2.067119e-03 -1.909862e-01 1.273680e-01 1.064354e-01 -2.802729e-02 -1.507699e-02 1.087124e-01 7.370572e-02 1.277420e-01 2.124136e-01 -2.593232e-02 -1.171755e-01 3.309483e-02 -1.861896e-01
<VARIANCE> 39
 9.177199e+01 4.285711e+01 5.923728e+01 6.950462e+01 3.046638e+01 3.111320e+01 3.685093e+01 4.336600e+01 7.064508e+01 2.685480e+01 2.920071e+01 3.225880e+01 1.160352e+01 3.801636e+00 3.830046e+00 1.664605e+00 6.097157e+00 2.057961e+00 2.148981e+00 2.771062e+00 2.459012e+00 4.760345e+00 1.625797e+00 2.278296e+00 1.761128e+00 1.204825e+00 5.334476e-01 6.802883e-01 2.057225e-01 6.605281e-01 2.555749e-01 4.256180e-01 3.761143e-01 3.464167e-01 7.045722e-01 2.931073e-01 2.421902e-01 2.760388e-01 1.390628e-01
<GCONST> 1.178576e+02
~s "ST_s_4_2"
<MEAN> 39
 -2.312837e+01 -1.030626e+01 1.510627e+01 -4.434017e+00 6.122928e+00 1.824495e+00 -5.753099e+00 -3.989825e+00 -3.936031e+00 1.322601e+00 8.768404e+00 -3.312589e+00 7.194833e+01 5.307164e-01 5.074564e-01 -8.016430e-01 2.525454e-01 1.109240e-01 -1.091388e-01 -4.102514e-01 -3.171760e-01 -2.693912e-01 -2.207948e-01 -2.023619e-02 -5.294935e-02 -2.350727e-01 6.121532e-01 5.075624e-01 -4.039535e-01 5.798770e-01 9.330142e-02 4.733659e-02 -1.899003e-02 -1.088008e-01 -2.766356e-01 -1.845470e-01 -9.294786e-02 8.954223e-02 -1.399057e-01
<VARIANCE> 39
 8.736847e+01 3.754700e+01 3.674257e+01 1.110152e+02 1.925609e+01 2.663253e+01 4.044200e+01 3.736621e+01 5.194953e+01 1.854548e+01 2.141706e+01 1.375756e+01 4.929199e+00 1.009839e+01 4.990495e+00 3.346912e+00 1.127368e+01 2.539002e+00 2.631473e+00 2.521369e+00 3.154520e+00 6.538250e+00 1.623822e+00 2.022799e+00 1.307030e+00 9.218743e-01 1.603162e+00 7.109520e-01 6.726263e-01 1.583783e+00 4.261241e-01 6.108394e-01 5.235647e-01 5.914915e-01 1.389976e+00 3.589271e-01 4.209806e-01 2.197351e-01 1.611421e-01
<GCONST> 1.233499e+02
~s "ST_i_2_1"
<MEAN> 39
 -1.095950e+01 9.428069e+00 4.737812e+00 6.416543e+00 5.369368e+00 2.751144e+00 7.875621e-01 -1.634179e+00 -2.339278e+00 7.194112e-01 2.821386e+00 -3.116890e-01 6.406718e+01 -2.061216e+00 3.884549e-01 8.858257e-02 -5.331571e-01 2.025860e-01 1.687858e+00 1.633574e+00 1.772060e+00 2.916988e+00 7.284873e-01 -9.378301e-01 5.309431e-01 -1.697386e+00 -5.354284e-02 -7.065107e-01 -4.937972e-01 -2.503218e-01 -1.948896e-01 -2.714502e-01 -4.644930e-02 1.463047e-01 -1.096270e-01 1.290186e-01 4.349235e-01 1.266281e-01 1.754745e-01
<VARIANCE> 39
 1.389568e+01 1.170108e+01 1.503093e+01 1.577591e+01 1.757595e+01 1.845592e+01 1.851607e+01 1.960526e+01 3.160290e+01 2.007918e+01 1.836341e+01 1.434655e+01 6.541016e+00 2.082222e+00 1.296964e+00 2.086412e+00 2.295358e+00 1.431371e+00 1.759241e+00 2.225821e+00 1.557405e+00 3.055697e+00 1.755365e+00 2.106650e+00 9.156725e-01 1.448516e+00 1.676702e-01 1.875978e-01 1.363214e-01 1.794955e-01 1.552354e-01 3.050046e-01 2.999838e-01 2.267560e-01 4.308692e-01 2.342448e-01 2.611965e-01 2.059121e-01 1.014695e-01
<GCONST> 9.484016e+01
~s "ST_i_3_1"
<MEAN> 39
 -1.634488e+01 6.092069e+00 1.864261e+00 3.992851e+00 4.882427e+00 4.861008e+00 4.598788e+00 4.235386e+00 4.323804e+00 3.600019e+00 3.423009e+00 1.290319e+00 6.087350e+01 -1.359548e+00 -1.208105e+00 -1.277214e+00 -1.269219e+00 -1.008633e+00 -3.270151e-01 3.464144e-01 7.678689e-01 9.076263e-01 3.255482e-01 4.728407e-02 2.899294e-01 -7.248926e-01 3.023846e-01 -1.145899e-01 -6.725702e-02 -2.838703e-02 -2.571659e-01 -5.390316e-01 -5.104980e-01 -5.498480e-01 -7.176937e-01 -3.145919e-01 -1.441547e-02 -2.254617e-01 2.761123e-01
<VARIANCE> 39
 1.076440e+01 1.272526e+01 1.224720e+01 1.033044e+01 1.276363e+01 1.595550e+01 1.835612e+01 1.855410e+01 1.818824e+01 1.454601e+01 9.202110e+00 1.044662e+01 3.383301e+00 8.183118e-01 6.705133e-01 7.886237e-01 9.186687e-01 1.246285e+00 1.473930e+00 1.858499e+00 1.789009e+00 2.235122e+00 1.387130e+00 1.145913e+00 1.130031e+00 3.299609e-01 1.511855e-01 1.583072e-01 1.963643e-01 1.874979e-01 2.206048e-01 2.687975e-01 3.073677e-01 2.063398e-01 3.208476e-01 1.976365e-01 2.578175e-01 1.687298e-01 1.032370e-01
<GCONST> 8.433421e+01
~s "ST_i_4_1"
<MEAN> 39
 -2.059583e+01 1.242689e+00 -3.299304e+00 -1.462061e+00 -3.650846e-01 1.073996e+00 3.238553e+00 4.081608e+00 4.350744e+00 2.331285e+00 1.036766e+00 -4.759648e-01 5.897919e+01 -6.500081e-02 -9.102220e-02 -8.360412e-02 -8.379988e-02 -8.661045e-02 -4.114294e-02 -2.630194e-02 -4.723877e-02 -5.132896e-02 -7.380366e-02 -5.661177e-02 -2.555682e-02 -2.186892e-02 7.040155e-02 5.287487e-02 7.011777e-02 9.048492e-02 7.670226e-02 3.614626e-02 2.518163e-03 -1.223805e-02 -3.803263e-02 -1.669243e-02 1.740574e-02 1.063947e-02 4.009804e-02
<VARIANCE> 39
 2.442780e+00 5.407624e+00 6.047432e+00 5.479721e+00 5.695284e+00 6.003918e+00 8.223566e+00 1.020803e+01 8.802387e+00 7.177292e+00 6.794095e+00 6.233108e+00 1.512939e+00 1.486337e-01 2.417263e-01 4.407464e-01 6.241910e-01 7.357952e-01 7.457881e-01 9.468911e-01 1.028551e+00 8.726009e-01 7.618290e-01 6.172270e-01 6.433547e-01 5.785272e-02 4.859331e-02 5.775054e-02 9.458558e-02 1.421205e-01 1.622329e-01 1.545712e-01 1.793224e-01 1.990141e-01 1.884627e-01 1.738238e-01 1.250450e-01 1.358288e-01 1.785358e-02
<GCONST> 5.587836e+01
~s "ST_i_4_2"
<MEAN> 39
 -1.943919e+01 2.282970e+00 -2.432263e+00 -7.611773e-01 6.490726e-01 2.201266e+00 3.477361e+00 3.783339e+00 3.919853e+00 1.992493e+00 1.239411e+00 2.671657e-01 5.968271e+01 -3.481387e-01 -3.791143e-01 -3.295100e-01 -5.113912e-01 -5.711162e-01 -4.372858e-01 -1.732994e-01 9.112894e-03 1.654216e-02 -9.472799e-02 -1.098105e-01 -2.268023e-01 -1.282216e-01 2.054921e-01 6.193154e-02 1.817609e-01 7.815522e-02 1.507835e-01 -2.308054e-03 -7.707888e-02 -1.073693e-01 -2.375124e-01 -7.157959e-02 6.448454e-02 -7.754137e-02 1.923607e-01
<VARIANCE> 39
 1.045828e+01 1.284932e+01 1.188151e+01 1.052681e+01 8.500295e+00 7.807448e+00 9.159386e+00 1.333652e+01 1.556930e+01 1.082669e+01 9.699001e+00 9.791844e+00 4.602295e+00 4.051326e-01 4.636368e-01 6.569216e-01 9.324702e-01 1.162685e+00 1.070973e+00 1.027976e+00 1.183534e+00 1.557129e+00 1.214311e+00 9.358171e-01 8.523013e-01 2.745353e-01 1.108117e-01 1.568046e-01 1.729595e-01 2.351599e-01 2.059425e-01 1.961713e-01 2.579926e-01 2.845127e-01 4.995758e-01 3.422399e-01 2.184171e-01 1.943325e-01 1.157130e-01
<GCONST> 7.882800e+01
~s "ST_l_2_1"
<MEAN> 39
 -4.311858e+00 3.011957e+00 4.215206e+00 9.317111e+00 3.423600e+00 -7.816258e+00 -5.446193e+00 -4.406221e+00 -1.186647e+01 7.802963e-01 6.329347e+00 -5.633450e+00 7.215757e+01 -2.988358e-01 1.049000e+00 5.373601e-01 -3.913413e-03 3.295362e-01 3.364384e-01 -8.594695e-01 -1.299065e-01 9.656689e-01 -1.171816e-01 -8.578322e-01 -5.029591e-01 -6.468786e-01 -1.432698e-01 1.314327e-01 -4.709915e-02 -1.920187e-01 -3.177453e-02 2.364671e-01 1.541137e-01 3.373454e-02 2.576509e-01 -5.018718e-02 -1.107790e-01 2.078598e-01 -1.700228e-01
<VARIANCE> 39
 1.262692e+01 2.051222e+01 2.781165e+01 7.351955e+01 5.090901e+01 2.782832e+01 5.359179e+01 2.757612e+01 6.488307e+01 3.246401e+01 2.996082e+01 2.386551e+01 1.346924e+01 4.252114e-01 1.305605e+00 1.504179e+00 2.436145e+00 1.066548e+00 1.871297e+00 1.522892e+00 1.147895e+00 2.357092e+00 1.496023e+00 1.517584e+00 1.044966e+00 5.464919e-01 1.024237e-01 2.386153e-01 1.543846e-01 2.304556e-01 2.490274e-01 3.182688e-01 3.807210e-01 2.374685e-01 4.531648e-01 3.294217e-01 2.593650e-01 1.675760e-01 1.261885e-01
<GCONST> 1.002201e+02
~s "ST_l_3_1"
<MEAN> 39
 -5.966689e+00 8.758500e+00 4.683399e+00 5.512866e+00 2.687953e+00 -2.740099e+00 -4.600019e+00 -5.803183e+00 -7.306289e+00 -4.598985e-01 3.142657e+00 -3.245246e+00 6.846146e+01 -5.398589e-01 -2.753274e-01 -4.310560e-01 -5.309065e-01 8.774264e-02 6.068779e-01 4.763707e-01 1.951324e-01 -3.327935e-02 -8.166723e-02 4.516104e-01 8.436270e-01 -2.920948e-01 4.188808e-02 -4.413311e-01 -2.421241e-01 5.506759e-02 3.454786e-03 -1.458633e-01 5.980263e-02 -6.237064e-02 -2.855007e-01 8.434084e-02 3.958907e-01 1.915177e-01 1.731094e-01
<VARIANCE> 39
 1.833000e+01 1.942728e+01 1.605910e+01 1.682600e+01 2.192509e+01 2.121786e+01 4.715371e+01 3.383020e+01 6.161326e+01 2.116761e+01 2.114606e+01 2.197170e+01 1.589209e+01 1.920922e+00 2.112627e+00 1.622344e+00 1.583081e+00 1.650115e+00 1.498102e+00 1.716800e+00 1.885792e+00 4.762690e+00 1.729835e+00 2.629147e+00 1.635567e+00 1.692018e+00 1.264000e-01 1.854238e-01 2.172344e-01 3.411300e-01 1.647887e-01 2.965712e-01 4.006338e-01 2.464823e-01 4.871022e-01 3.298545e-01 3.007302e-01 3.016602e-01 1.125923e-01
<GCONST> 1.031647e+02
~s "ST_l_4_1"
<MEAN> 39
 -4.145202e+00 7.915704e-01 -5.104669e-01 5.359958e+00 3.989696e+00 -4.553286e+00 -4.844379e+00 -7.406017e+00 -1.389515e+01 3.229940e+00 1.305664e+01 -1.276393e-01 7.236172e+01 -1.438541e-01 -3.956054e-01 -3.825889e-01 -5.416542e-02 -8.267029e-02 2.642891e-01 3.505780e-01 -6.959523e-02 1.814044e-01 4.302944e-01 4.474092e-01 1.398950e-01 -9.965522e-02 -4.487154e-02 2.014432e-01 1.090356e-01 1.087051e-02 -1.779342e-02 1.103141e-01 7.402976e-02 1.122548e-02 2.091433e-01 -2.289626e-02 -3.098480e-01 -1.410652e-01 -1.095352e-01
<VARIANCE> 39
 2.461404e+01 1.756404e+01 6.394518e+00 2.463258e+01 2.082381e+01 1.936468e+01 3.980850e+01 3.747224e+01 6.539258e+01 3.273673e+01 3.131573e+01 1.713962e+01 2.125537e+01 3.504059e-01 1.097517e+00 8.697949e-01 1.854320e+00 8.386231e-01 1.373454e+00 1.566859e+00 8.722705e-01 1.089188e+00 1.078228e+00 1.720402e+00 9.388573e-01 3.487494e-01 1.046646e-01 1.117974e-01 1.970625e-01 3.523282e-01 1.892852e-01 2.025817e-01 3.469235e-01 2.157498e-01 4.258296e-01 2.333689e-01 2.086112e-01 2.494549e-01 7.564312e-02
<GCONST> 9.187190e+01
~s "ST_y_2_1"
<MEAN> 39
 -1.971197e+01 2.593009e+00 -2.239343e+00 -8.400837e-01 1.926298e-01 2.085921e+00 4.086204e+00 5.410935e+00 6.841316e+00 5.167515e+00 4.483843e+00 2.223745e+00 5.924422e+01 -5.533417e-01 -7.230079e-01 -8.206769e-01 -8.040487e-01 -6.672798e-01 -7.654220e-02 1.318140e-01 2.067609e-01 1.057910e-01 1.719267e-01 -1.538204e-01 -6.029631e-01 -2.788738e-01 3.964142e-01 3.175412e-01 2.565625e-01 3.037250e-01 8.473986e-02 -1.127614e-01 -1.477552e-01 -2.394798e-01 -4.301125e-01 -2.974287e-01 -2.452619e-01 -1.356253e-01 1.916977e-01
<VARIANCE> 39
 2.048370e+00 2.894025e+00 2.783829e+00 3.759959e+00 4.042027e+00 6.387684e+00 4.594807e+00 8.838436e+00 9.591293e+00 8.308319e+00 1.368332e+01 1.262089e+01 1.447754e+00 3.697659e-01 2.285508e-01 2.473496e-01 3.707834e-01 6.193371e-01 7.871513e-01 5.956175e-01 9.958153e-01 7.747480e-01 9.346398e-01 8.980040e-01 1.080674e+00 1.001437e-01 6.991637e-02 4.854801e-02 5.220925e-02 8.554513e-02 1.849928e-01 2.300390e-01 1.602100e-01 2.248326e-01 3.648351e-01 2.327318e-01 2.774760e-01 2.443114e-01 3.542430e-02
<GCONST> 5.782986e+01
~s "ST_y_3_1"
<MEAN> 39
 -2.080413e+01 1.698570e+00 -2.778336e+00 -5.361261e-01 -3.868048e-02 1.590659e+00 3.794692e+00 4.248201e+00 4.318349e+00 2.879091e+00 2.400393e+00 3.998377e-01 5.865788e+01 -1.549173e-01 -1.182901e-01 -9.761918e-02 1.838642e-02 8.452051e-02 7.525863e-02 1.174930e-01 2.891606e-02 -8.994600e-02 -5.977622e-02 -1.669369e-02 -8.423237e-02 -6.605168e-02 6.010730e-02 5.985866e-02 8.805148e-02 9.104451e-02 1.292528e-01 5.942055e-02 -3.779703e-03 -5.359168e-03 -9.555022e-03 -1.403010e-02 1.732595e-02 3.707737e-02 4.519080e-02
<VARIANCE> 39
 1.074646e+00 1.703556e+00 3.335082e+00 4.086591e+00 5.315355e+00 5.843883e+00 6.149119e+00 1.035331e+01 9.562508e+00 6.307634e+00 7.623384e+00 7.690991e+00 1.447546e+00 1.393069e-01 1.984920e-01 2.607450e-01 2.874194e-01 4.530241e-01 6.307454e-01 5.995353e-01 9.475414e-01 9.540889e-01 7.087688e-01 1.198683e+00 9.467568e-01 4.608490e-02 3.784405e-02 4.466952e-02 6.857176e-02 6.843540e-02 9.070339e-02 1.261623e-01 1.245145e-01 1.758585e-01 1.882698e-01 1.722557e-01 2.576247e-01 2.233610e-01 1.509936e-02
<GCONST> 4.917203e+01
~s "ST_y_4_1"
<MEAN> 39
 -2.129572e+01 1.061446e+00 -3.200055e+00 -5.728762e-01 8.537435e-01 2.563456e+00 4.541746e+00 5.437214e+00 5.321894e+00 3.262827e+00 2.368089e+00 5.061650e-01 5.858194e+01 9.237392e-01 1.837987e-01 4.562838e-01 -2.539278e-01 3.319013e-01 -5.014188e-01 -7.561684e-01 -1.046406e+00 -1.213651e+00 -7.934722e-01 -2.530543e-01 -8.837144e-02 9.455922e-01 9.688756e-01 2.401720e-01 1.017858e-01 -1.270692e-01 -1.343373e-01 -5.583226e-01 -3.343666e-01 -5.598184e-01 -8.483042e-01 -1.759320e-01 2.661805e-01 3.893832e-02 7.287470e-01
<VARIANCE> 39
 1.443359e+00 1.944577e+00 3.394654e+00 3.607465e+00 4.436255e+00 3.474716e+00 5.365669e+00 9.927496e+00 9.435934e+00 1.085480e+01 1.304163e+01 1.069705e+01 1.447546e+00 2.137715e+00 7.139692e-01 1.046527e+00 4.392399e-01 1.106040e+00 1.715904e+00 1.517567e+00 1.806377e+00 2.369485e+00 1.463467e+00 1.651756e+00 1.097154e+00 1.456067e+00 3.292511e-01 1.116491e-01 2.006845e-01 7.539971e-02 1.608989e-01 2.639049e-01 3.159471e-01 1.486135e-01 2.747098e-01 2.747723e-01 4.167666e-01 2.773016e-01 1.660342e-01
<GCONST> 7.512141e+01
~s "ST_b_2_1"
<MEAN> 39
 -1.961771e+01 2.674806e+00 -1.892486e+00 -3.386792e-02 1.390124e+00 3.210270e+00 4.758345e+00 5.035560e+00 5.148368e+00 3.076832e+00 2.670050e+00 3.124112e-01 5.925117e+01 -3.666610e-01 -3.321600e-01 -4.223540e-01 -6.529168e-01 -6.946199e-01 -4.026805e-01 -8.195546e-02 1.397558e-01 1.363393e-01 -1.514108e-01 -7.957758e-02 -5.535543e-02 -1.629503e-01 1.084596e-01 1.145052e-01 1.334157e-01 1.690608e-01 1.565435e-01 9.739360e-02 3.431283e-03 -1.216302e-01 -1.636150e-01 -5.906137e-02 -7.977933e-02 -6.867264e-02 5.611496e-02
<VARIANCE> 39
 2.294952e+00 4.048724e+00 5.443516e+00 7.558412e+00 1.056112e+01 1.571154e+01 1.734675e+01 1.404774e+01 9.705769e+00 1.014038e+01 9.175817e+00 7.519261e+00 1.457520e+00 3.505360e-01 5.300627e-01 6.937900e-01 1.263488e+00 1.443293e+00 1.663343e+00 1.899171e+00 1.500755e+00 1.201038e+00 1.383370e+00 8.336201e-01 8.416421e-01 9.840523e-02 6.612929e-02 8.191494e-02 9.547073e-02 1.911209e-01 1.980896e-01 2.554283e-01 3.765040e-01 2.802304e-01 2.462713e-01 2.375449e-01 1.336583e-01 1.295838e-01 2.084570e-02
<GCONST> 7.015389e+01
~s "ST_b_3_1"
<MEAN> 39
 -2.089140e+01 1.452319e+00 -2.985291e+00 -9.225049e-01 -3.819689e-01 1.201053e+00 3.577219e+00 4.354666e+00 4.095270e+00 1.728914e+00 8.418226e-01 -7.711274e-01 5.867464e+01 1.469757e-04 -7.440268e-04 3.144936e-02 3.417354e-02 2.873859e-02 -1.664426e-02 -4.764992e-02 -4.123367e-02 -4.223888e-02 -3.056354e-02 -4.188007e-02 -4.086250e-03 2.117580e-03 8.209013e-03 -4.530272e-03 -1.017501e-02 -7.723627e-03 3.032106e-03 -9.389587e-03 -1.105870e-02 -6.095017e-03 7.858611e-03 1.578108e-02 1.616751e-02 8.443977e-03 4.174795e-03
<VARIANCE> 39
 1.236359e+00 1.751498e+00 3.032885e+00 4.059310e+00 4.433716e+00 5.304701e+00 6.625534e+00 7.948744e+00 8.484627e+00 8.962409e+00 6.542826e+00 6.037220e+00 1.448486e+00 1.141545e-01 1.157291e-01 2.131497e-01 4.720321e-01 4.972346e-01 5.392096e-01 7.600660e-01 9.558507e-01 1.019249e+00 1.110510e+00 7.212974e-01 6.583164e-01 3.637327e-02 2.275186e-02 1.978145e-02 3.956708e-02 9.832626e-02 1.058707e-01 1.142828e-01 1.730392e-01 2.004946e-01 2.011848e-01 2.423210e-01 1.554369e-01 1.511611e-01 7.046866e-03
<GCONST> 4.550816e+01
~s "ST_b_4_1"
<MEAN> 39
 -2.027552e+01 1.415004e+00 -3.221735e+00 -1.358283e+00 -6.119232e-01 8.006343e-01 2.765794e+00 3.571561e+00 3.472492e+00 1.330652e+00 8.084376e-01 -9.506587e-01 5.906031e+01 4.018218e-02 -1.130070e-01 -1.949668e-01 -8.003335e-02 4.712722e-02 7.265501e-02 2.223129e-01 1.715093e-01 2.216190e-01 3.584800e-01 -6.131209e-02 -1.681145e-01 -1.092701e-02 1.899638e-01 1.046884e-01 1.575380e-01 1.252918e-01 1.575060e-01 1.078963e-01 -3.129550e-02 -1.766618e-01 -1.683765e-01 1.666181e-02 9.461623e-02 7.689279e-02 1.489701e-01
<VARIANCE> 39
 1.698334e+00 3.119642e+00 6.351736e+00 7.748213e+00 4.352603e+00 3.009035e+00 3.657566e+00 1.346770e+01 1.026170e+01 6.043643e+00 5.929488e+00 7.677174e+00 1.455566e+00 1.766647e-01 3.149206e-01 5.269207e-01 9.983075e-01 5.100173e-01 4.256610e-01 8.236551e-01 2.067031e+00 1.044166e+00 1.094688e+00 6.417480e-01 9.203783e-01 1.000275e-01 1.237940e-01 1.491225e-01 1.476764e-01 2.071239e-01 1.657159e-01 7.221878e-02 1.965536e-01 7.096097e-01 4.862299e-01 1.565916e-01 1.408681e-01 1.371176e-01 9.122190e-02
<GCONST> 6.201828e+01
~s "ST_o_2_1"
<MEAN> 39
 -3.714243e+00 8.613848e+00 1.672287e+00 1.378154e+00 -1.694366e+00 -5.457061e+00 -3.320924e+00 -3.460703e+00 -9.229273e+00 -1.282792e+00 5.569063e+00 -2.991211e+00 6.968026e+01 -1.417108e+00 4.127597e-01 8.519581e-01 7.054075e-01 5.814101e-01 7.442471e-01 4.277490e-01 6.174525e-01 1.482445e+00 7.990465e-01 -5.530958e-01 -1.641481e-01 -1.169911e+00 -1.939525e-01 -4.066164e-01 -1.883229e-01 1.394750e-01 2.367364e-01 2.720139e-01 2.608781e-01 4.140262e-02 1.300524e-01 1.323658e-01 -3.895901e-03 9.242313e-02 -1.978831e-02
<VARIANCE> 39
 1.039776e+01 9.387596e+00 1.561912e+01 1.133205e+01 1.865907e+01 1.899464e+01 1.806429e+01 1.928228e+01 4.636023e+01 3.498125e+01 1.429930e+01 7.838775e+00 9.409180e+00 2.088430e+00 8.043677e-01 1.154779e+00 1.589760e+00 3.149275e+00 2.377931e+00 9.304993e-01 1.919033e+00 3.517130e+00 7.863018e-01 1.318363e+00 1.258360e+00 1.125265e+00 6.513728e-02 2.911171e-01 3.085457e-01 2.116524e-01 2.856335e-01 3.090805e-01 2.304559e-01 2.616293e-01 3.325804e-01 2.309283e-01 2.477904e-01 2.163490e-01 5.461036e-02
<GCONST> 9.254121e+01
~s "ST_o_3_1"
<MEAN> 39
 -1.041141e+01 7.591924e+00 4.163074e+00 7.482831e+00 4.972295e+00 1.122759e+00 -2.012906e-01 -1.257294e+00 -4.939965e-01 2.892675e+00 1.589942e+00 -4.188319e+00 6.490799e+01 -1.682375e+00 -6.005324e-01 -3.092510e-01 -7.335945e-02 6.389089e-01 1.336755e+00 1.286190e+00 1.228329e+00 1.545851e+00 3.846429e-01 -3.084629e-01 7.562599e-01 -1.082504e+00 5.690191e-02 -2.935638e-01 -3.340847e-01 -3.485324e-01 -3.692671e-01 -3.005918e-01 3.050606e-02 3.352812e-02 -3.010677e-01 6.743529e-03 3.245603e-01 1.140151e-01 1.281599e-01
<VARIANCE> 39
 1.593796e+01 6.638275e+00 7.561630e+00 1.794041e+01 1.778101e+01 1.485358e+01 2.231291e+01 2.302833e+01 4.570394e+01 2.535540e+01 9.056073e+00 2.293015e+01 1.185986e+01 1.739222e+00 1.050053e+00 9.576604e-01 1.038845e+00 1.441163e+00 1.225520e+00 1.085720e+00 1.392981e+00 2.528633e+00 1.089113e+00 1.097680e+00 1.704821e+00 7.078080e-01 1.518226e-01 2.590814e-01 2.014656e-01 1.532566e-01 3.398989e-01 3.397136e-01 3.416117e-01 2.316698e-01 3.996554e-01 1.992032e-01 1.656941e-01 2.339176e-01 1.163159e-01
<GCONST> 9.146401e+01
~s "ST_o_4_1"
<MEAN> 39
 -1.840760e+01 3.257813e+00 -1.401500e+00 6.460162e-01 1.178846e+00 2.444510e+00 4.273361e+00 5.123288e+00 4.727036e+00 3.531349e+00 2.997679e+00 8.985374e-01 5.999891e+01 -7.056563e-01 -9.214398e-01 -5.320038e-01 -7.575038e-01 -2.555560e-01 -3.903006e-01 -2.743495e-01 -1.975586e-02 -1.443665e-01 -1.671840e-01 1.559684e-02 8.321326e-03 -6.728686e-02 5.983375e-01 2.166082e-01 2.104797e-01 6.117186e-02 1.323447e-02 -3.041631e-01 -3.651750e-01 -4.834390e-01 -5.399044e-01 -3.047617e-01 -3.911009e-02 -1.410806e-01 4.607981e-01
<VARIANCE> 39
 1.550052e+01 3.988503e+00 5.762381e+00 1.018741e+01 1.141409e+01 9.800819e+00 8.546858e+00 1.367612e+01 3.973238e+01 1.605616e+01 8.406979e+00 8.079187e+00 9.155762e+00 1.403979e+00 8.294108e-01 1.189625e+00 1.283282e+00 1.422056e+00 1.467720e+00 1.420152e+00 1.706100e+00 1.933467e+00 1.622428e+00 8.946522e-01 7.930387e-01 1.352179e+00 3.707628e-01 1.548069e-01 1.496026e-01 1.750663e-01 2.291472e-01 2.687007e-01 2.077053e-01 1.914773e-01 4.312106e-01 2.495846e-01 1.596670e-01 2.359777e-01 1.775643e-01
<GCONST> 8.579288e+01
~s "ST_e_2_1"
<MEAN> 39
 -1.119888e+01 -3.618707e-01 7.800213e-01 1.444674e+00 4.639072e+00 2.980942e-02 -1.867000e+00 -7.148068e+00 -9.666931e+00 -1.316287e-01 8.052365e+00 6.416787e-01 6.920143e+01 2.462655e+00 -1.574942e-01 -6.669664e-01 1.968689e+00 6.709307e-01 -8.412980e-01 -7.896512e-01 -2.203923e+00 -3.170198e+00 -1.733112e-01 1.620420e+00 2.881855e-01 1.467944e+00 7.591526e-02 4.344637e-02 -4.604675e-02 1.797443e-01 -2.417287e-01 -1.648474e-01 1.906550e-01 2.667035e-01 1.339603e-01 2.557518e-01 -1.057385e-02 1.981996e-02 -6.528243e-02
<VARIANCE> 39
 4.158720e+01 2.452511e+01 3.602037e+01 6.147684e+01 1.663384e+01 2.613402e+01 2.790790e+01 4.848893e+01 7.377489e+01 2.625444e+01 2.702200e+01 1.333690e+01 3.136377e+01 7.364356e+00 4.808254e+00 4.250115e+00 7.845772e+00 1.454999e+00 4.082248e+00 2.687602e+00 3.850859e+00 7.706016e+00 2.856425e+00 2.964402e+00 1.670987e+00 3.336434e+00 6.812670e-01 5.216154e-01 4.742594e-01 9.109142e-01 3.392444e-01 4.713227e-01 2.986889e-01 5.996438e-01 9.399449e-01 3.269992e-01 4.484266e-01 2.038222e-01 3.401166e-01
<GCONST> 1.235054e+02
~s "ST_e_3_1"
<MEAN> 39
 -2.152282e+00 -2.104645e+00 -2.019380e+00 7.797030e+00 3.781899e+00 -5.711555e+00 -3.901862e+00 -1.286373e+01 -2.027008e+01 1.044583e+00 1.308566e+01 1.536923e+00 7.454753e+01 1.601143e-01 2.356932e-01 -1.925980e-01 1.250550e-01 -2.151976e-01 -2.092927e-01 4.529435e-01 3.308184e-01 -5.384259e-02 3.407344e-01 -1.304737e-01 -1.221459e-01 -8.317217e-02 -5.614123e-01 2.211556e-01 2.444522e-01 -4.767802e-01 -3.625701e-02 3.696027e-01 9.984099e-02 5.096522e-01 8.469849e-01 4.769984e-02 -4.353238e-01 -1.573906e-01 -3.684703e-01
<VARIANCE> 39
 1.401130e+01 1.416180e+01 1.122596e+01 2.507231e+01 1.082260e+01 2.327717e+01 3.088524e+01 3.673569e+01 3.534164e+01 2.835198e+01 1.414517e+01 1.131774e+01 1.204248e+01 2.898107e+00 1.856871e+00 1.540371e+00 2.436154e+00 1.760376e+00 3.356253e+00 1.658166e+00 2.241538e+00 3.706518e+00 1.376453e+00 2.420810e+00 7.139651e-01 2.042741e+00 3.378352e-01 3.085827e-01 2.478735e-01 5.685077e-01 2.078807e-01 3.120281e-01 3.751993e-01 4.785904e-01 4.778172e-01 3.464882e-01 2.814583e-01 1.351679e-01 1.090200e-01
<GCONST> 1.026735e+02
~s "ST_e_4_1"
<MEAN> 39
 -1.035424e+01 4.493967e+00 1.115059e+00 5.426030e+00 4.935767e+00 1.907705e+00 1.429535e+00 -3.395891e+00 -6.381002e+00 1.854368e+00 6.086368e+00 1.632407e-01 6.606638e+01 -1.458556e+00 2.795364e-01 -3.561718e-02 -3.566957e-01 -8.575875e-02 5.484625e-01 1.873391e-01 1.547700e+00 2.691105e+00 5.829858e-01 -1.066978e+00 -5.111248e-01 -1.242020e+00 4.775619e-02 -2.592345e-01 -1.627799e-01 -1.728874e-01 -2.251368e-01 -3.140938e-01 -1.750798e-01 -1.207638e-01 -3.398541e-02 1.499685e-04 1.222930e-01 -1.447918e-03 1.486298e-01
<VARIANCE> 39
 4.070256e+01 2.716535e+01 2.055710e+01 3.770316e+01 2.172704e+01 4.767222e+01 2.739472e+01 4.720427e+01 1.026607e+02 3.160355e+01 4.211218e+01 1.214402e+01 3.695654e+01 2.479764e+00 3.043283e+00 1.813429e+00 2.367758e+00 2.057138e+00 2.105648e+00 2.926947e+00 4.214585e+00 6.621015e+00 1.662339e+00 2.641305e+00 1.405822e+00 1.649566e+00 3.262296e-01 4.515526e-01 2.955358e-01 4.975943e-01 2.991716e-01 4.118041e-01 4.203916e-01 6.966651e-01 1.018097e+00 2.207758e-01 5.681979e-01 1.906116e-01 2.100941e-01
<GCONST> 1.166156e+02
~s "ST_r_2_1"
<MEAN> 39
 -6.381821e+00 1.267793e+00 -4.051709e+00 -1.632751e+00 -5.114343e-01 -1.928617e+00 3.259737e+00 -5.209218e+00 -1.175109e+01 4.746738e-01 6.961297e+00 2.002138e+00 7.045923e+01 1.818587e+00 8.451438e-03 -2.164135e-01 3.738140e-01 -3.855331e-01 -6.433567e-01 -1.495056e-01 -7.107667e-01 -1.210492e+00 9.521633e-02 4.953296e-01 -1.809696e-02 1.245219e+00 -2.833727e-01 9.794272e-02 8.181493e-02 1.446544e-01 -4.547501e-03 2.025502e-02 -9.662984e-02 3.099400e-01 5.415738e-01 -9.286270e-04 -2.128141e-01 -1.780617e-01 -2.960624e-01
<VARIANCE> 39
 4.349351e+01 1.484825e+01 1.324899e+01 2.453202e+01 1.983987e+01 2.508442e+01 1.994351e+01 2.709393e+01 3.717947e+01 3.461481e+01 2.480538e+01 1.901397e+01 2.417236e+01 3.425441e+00 1.095285e+00 1.281972e+00 2.038981e+00 1.606794e+00 2.011238e+00 1.409018e+00 2.761137e+00 4.216767e+00 2.429733e+00 1.772663e+00 1.473324e+00 1.867533e+00 5.259765e-01 2.494755e-01 2.371987e-01 5.542492e-01 3.041374e-01 4.483942e-01 2.128061e-01 4.194150e-01 5.349181e-01 3.924500e-01 3.095383e-01 2.676464e-01 2.406684e-01
<GCONST> 1.077167e+02
~s "ST_r_3_1"
<MEAN> 39
 -4.007989e+00 3.390046e+00 -2.658224e+00 1.707197e-01 -3.663391e-01 -3.042555e+00 1.021074e+00 -5.496402e+00 -1.065574e+01 1.785950e-01 5.908873e+00 1.318461e-01 7.125804e+01 -1.297261e+00 1.011776e+00 1.163112e+00 4.986456e-01 5.330943e-01 5.446431e-01 -7.092701e-01 5.419822e-01 1.806995e+00 -1.570658e-01 -8.864626e-01 -3.881980e-01 -1.272100e+00 -5.795751e-01 3.425181e-02 1.895014e-01 1.132789e-02 1.920512e-01 3.313267e-01 8.624380e-02 2.278673e-01 5.099819e-01 1.247876e-01 1.105191e-02 1.133188e-01 -4.009490e-01
<VARIANCE> 39
 2.986970e+01 2.018276e+01 2.114803e+01 1.542289e+01 3.115156e+01 2.731966e+01 1.970679e+01 2.339392e+01 3.399016e+01 3.717138e+01 1.800972e+01 2.338337e+01 1.747168e+01 1.792487e+00 2.287747e+00 1.353864e+00 1.300431e+00 1.555643e+00 2.411428e+00 1.421918e+00 2.267027e+00 2.077374e+00 1.964511e+00 1.830737e+00 1.420091e+00 9.068354e-01 6.652592e-01 4.724032e-01 4.093328e-01 2.714399e-01 2.287033e-01 3.796302e-01 3.483157e-01 5.321168e-01 5.111995e-01 4.410140e-01 4.338028e-01 3.031875e-01 3.085448e-01
<GCONST> 1.073464e+02
~s "ST_r_4_1"
<MEAN> 39
 -1.328586e+01 3.870573e+00 -1.046725e+00 7.164521e-01 1.734189e+00 5.674837e-01 1.245418e+00 -2.358825e-02 -8.238718e-01 1.256889e+00 3.178504e+00 4.879521e-01 6.405069e+01 -7.277009e-01 -9.407811e-02 8.048563e-02 -9.178162e-02 -6.538926e-02 -9.133116e-02 -7.244204e-02 4.616647e-01 4.701626e-01 -1.554271e-01 -2.340656e-01 1.263656e-02 -4.836344e-01 1.156013e-01 -8.688706e-02 -5.011648e-02 -6.539962e-02 -5.559808e-02 -5.265396e-02 8.238566e-04 -1.109409e-01 -2.112972e-01 -3.503872e-03 3.670888e-02 -1.830824e-02 1.354863e-01
<VARIANCE> 39
 5.801331e+01 1.085405e+01 1.388999e+01 8.608096e+00 1.675595e+01 2.217849e+01 1.796912e+01 2.885589e+01 6.279671e+01 2.869157e+01 1.490239e+01 9.710080e+00 3.283789e+01 4.109279e+00 1.519733e+00 1.804451e+00 9.359230e-01 1.379461e+00 1.986745e+00 1.668721e+00 3.193923e+00 4.652282e+00 1.819662e+00 1.829569e+00 1.179378e+00 2.351747e+00 6.061088e-01 2.867196e-01 2.155261e-01 2.218197e-01 2.355690e-01 4.115701e-01 3.249101e-01 4.045376e-01 4.440221e-01 3.260357e-01 2.619039e-01 2.384518e-01 2.633439e-01
<GCONST> 1.046419e+02
~s "ST_u_2_1"
<MEAN> 39
 -1.099821e+01 3.545071e+00 1.017842e+01 7.998691e+00 5.854970e+00 -1.493038e-03 -4.022619e+00 -2.557499e+00 -6.468971e+00 -5.702726e+00 4.200748e+00 5.551217e-01 6.855260e+01 8.631942e-01 -2.919233e-01 3.298077e-01 7.145661e-01 4.126094e-01 -5.466771e-01 -9.134108e-01 -4.783221e-01 -7.638998e-01 -6.853614e-01 1.757866e-01 1.149463e-01 8.339289e-01 1.229062e-01 -3.179286e-02 -2.798769e-01 -6.685468e-02 6.311035e-02 -8.754729e-02 -1.203713e-01 -7.635561e-02 -1.666518e-01 -2.105081e-02 2.074421e-01 4.612857e-02 4.479846e-02
<VARIANCE> 39
 4.271517e+01 8.880643e+01 5.209822e+01 3.113741e+01 3.215414e+01 2.161431e+01 3.095394e+01 3.046594e+01 6.706763e+01 2.915514e+01 2.134288e+01 1.361693e+01 1.844385e+01 5.352753e+00 1.082216e+01 5.519466e+00 4.950253e+00 4.249403e+00 1.807935e+00 3.923364e+00 2.618279e+00 7.731595e+00 3.751514e+00 2.865949e+00 1.116444e+00 2.535074e+00 6.782933e-01 1.410157e+00 1.083128e+00 8.904562e-01 8.498786e-01 4.688952e-01 5.809745e-01 4.799974e-01 1.028976e+00 5.263531e-01 4.138566e-01 2.066567e-01 3.647172e-01
<GCONST> 1.277055e+02
~s "ST_u_3_1"
<MEAN> 39
 -3.549998e+00 -9.547262e-01 4.799657e+00 1.281164e+01 1.136579e+01 -5.342417e+00 -1.327980e+01 -5.260858e+00 -1.593188e+01 -1.113798e+01 1.021214e+01 7.605763e-02 7.414555e+01 8.324121e-01 7.986433e-02 -1.443034e+00 -5.548501e-01 -2.598454e-01 -3.630248e-01 -2.276417e-01 -6.588902e-01 -1.117437e+00 5.875980e-02 6.487906e-01 2.271875e-01 2.338037e-01 -3.538885e-01 9.254801e-02 3.268518e-01 -2.522113e-01 -3.210587e-01 1.353490e-01 3.743018e-01 1.125963e-01 3.916411e-01 2.817919e-01 -2.099933e-01 -2.382079e-02 -1.725430e-01
<VARIANCE> 39
 9.094496e+00 1.634808e+01 3.437617e+01 3.780421e+01 2.505812e+01 1.741467e+01 1.347299e+01 4.360944e+01 1.636206e+01 2.016983e+01 9.942894e+00 2.347019e+01 4.166992e+00 7.415501e-01 5.028765e-01 1.456816e+00 1.908902e+00 1.499025e+00 1.225332e+00 1.743429e+00 2.604956e+00 1.596322e+00 1.846642e+00 1.585168e+00 1.763346e+00 3.092448e-01 1.596982e-01 2.392823e-01 2.158175e-01 2.664940e-01 2.056043e-01 1.782949e-01 2.543004e-01 5.223420e-01 3.873425e-01 2.929060e-01 3.028715e-01 3.153865e-01 8.536224e-02
<GCONST> 9.364449e+01
~s "ST_u_4_1"
<MEAN> 39
 -2.062727e+00 1.729137e+00 5.346147e-01 6.144058e+00 5.088908e+00 -4.592519e+00 -9.018823e+00 -8.802720e+00 -1.860702e+01 -7.004443e+00 1.173629e+01 2.434291e+00 7.347726e+01 -5.822371e-01 8.788064e-01 3.976208e-01 -4.944349e-01 -7.633389e-01 4.954362e-01 1.231752e+00 6.312084e-01 8.089836e-01 9.931510e-01 1.347960e-01 -4.843073e-02 -7.322004e-01 -2.182090e-01 1.617697e-01 1.585107e-01 8.917475e-02 1.520306e-01 2.474307e-01 1.638872e-01 1.836084e-01 4.618652e-01 1.802800e-01 -1.805176e-01 -8.805776e-02 -2.089336e-01
<VARIANCE> 39
 4.080283e+00 2.790423e+01 1.107673e+01 1.543666e+01 1.803768e+01 1.258826e+01 2.173299e+01 2.163849e+01 2.371347e+01 2.341901e+01 2.087280e+01 2.039121e+01 8.413574e+00 6.883838e-01 2.430190e+00 1.469400e+00 1.276326e+00 1.080633e+00 2.267641e+00 1.665814e+00 1.636531e+00 2.666767e+00 1.681412e+00 1.914998e+00 1.022092e+00 1.165231e+00 7.497378e-02 2.964940e-01 1.702712e-01 2.260316e-01 1.938145e-01 3.472346e-01 2.508385e-01 3.870510e-01 2.997142e-01 2.456498e-01 1.989258e-01 1.826770e-01 1.372642e-01
<GCONST> 9.299883e+01
~s "ST_k_2_1"
<MEAN> 39
 -1.293526e+01 6.945748e-01 -2.526867e+00 -3.353924e+00 -9.660159e-01 -2.463522e-01 1.719171e+00 -1.612092e-01 -3.565373e+00 2.024299e+00 5.471391e+00 1.746182e-01 6.617585e+01 9.665607e-01 -4.341942e-02 -1.969667e-02 -1.668661e-01 -3.536984e-01 -3.409022e-01 -1.982431e-01 -3.351142e-01 -7.371284e-01 -1.235097e-01 3.732999e-01 4.980932e-03 7.657428e-01 6.671312e-02 1.295857e-03 -4.284220e-02 6.298717e-02 -2.727670e-02 -2.231210e-02 1.889658e-02 2.694724e-02 1.727169e-02 4.707548e-02 1.650225e-02 -4.121779e-02 1.332897e-02
<VARIANCE> 39
 8.749397e+01 1.876294e+01 1.469225e+01 2.915605e+01 2.086641e+01 1.874595e+01 1.825436e+01 3.668394e+01 9.209621e+01 2.333883e+01 3.021325e+01 1.363027e+01 6.111328e+01 5.670068e+00 1.986066e+00 1.634820e+00 3.863119e+00 1.887080e+00 1.890686e+00 1.818278e+00 2.910127e+00 6.278154e+00 1.858843e+00 2.485561e+00 1.740412e+00 3.962744e+00 6.621085e-01 3.872899e-01 3.342148e-01 7.177643e-01 3.331157e-01 3.240032e-01 3.328334e-01 5.548671e-01 9.605173e-01 3.372109e-01 3.950417e-01 3.768647e-01 4.889055e-01
<GCONST> 1.174724e+02
~s "ST_k_3_1"
<MEAN> 39
 -5.930761e-01 -1.863284e-02 -4.595361e+00 -2.911683e+00 -5.692042e+00 -4.611825e+00 2.007800e-01 -5.141606e+00 -1.108437e+01 2.478405e+00 1.055397e+01 4.121730e-01 7.491610e+01 -7.116501e-02 1.267660e-01 -1.690171e-01 9.744657e-02 1.402579e-03 1.054211e-01 6.141621e-01 -1.504136e-01 1.890401e-01 5.436820e-01 -1.671009e-02 3.883754e-02 -1.924723e-01 -2.552398e-01 2.044340e-01 2.210493e-01 4.937365e-02 2.472440e-01 6.357104e-02 -4.561815e-03 7.834870e-02 5.322586e-02 9.153488e-03 -1.118883e-01 -7.395299e-02 -1.996469e-01
<VARIANCE> 39
 1.660549e+01 1.786719e+01 1.196279e+01 1.724637e+01 1.619384e+01 2.053602e+01 2.376577e+01 2.614010e+01 3.174176e+01 1.857226e+01 1.479972e+01 9.599401e+00 1.383203e+01 1.914865e-01 5.358569e-01 5.231825e-01 9.051270e-01 9.432421e-01 1.314020e+00 8.147253e-01 1.353765e+00 1.101360e+00 7.459418e-01 7.760308e-01 6.984096e-01 1.693155e-01 1.270260e-01 1.203748e-01 1.186551e-01 2.303534e-01 1.537430e-01 1.867239e-01 2.011170e-01 2.587457e-01 2.242746e-01 1.098273e-01 1.356073e-01 1.075997e-01 5.573350e-02
<GCONST> 7.849889e+01
~s "ST_k_4_1"
<MEAN> 39
 -2.959902e+00 2.310771e+00 -3.051799e+00 -6.911772e-01 -1.718309e+00 -2.787863e+00 2.180227e+00 -5.144237e+00 -1.095899e+01 5.080709e+00 1.059293e+01 -5.881143e-01 7.239178e+01 -7.450219e-01 1.043893e+00 7.732959e-01 6.072813e-01 9.171950e-01 3.737313e-01 -6.243607e-01 4.936382e-01 1.280987e+00 1.602482e-01 -6.851746e-01 -4.349003e-01 -9.068079e-01 -1.483013e-01 2.297619e-01 2.463753e-01 2.419796e-01 1.618738e-01 6.798891e-02 -3.558728e-01 7.501442e-02 5.103422e-01 -1.871328e-01 -3.162698e-01 2.763930e-02 -2.064783e-01
<VARIANCE> 39
 1.780183e+01 1.386100e+01 1.078438e+01 1.523318e+01 2.087421e+01 2.710891e+01 1.793552e+01 1.876166e+01 3.625582e+01 1.627066e+01 1.506280e+01 6.448806e+00 1.470117e+01 2.637271e-01 9.947013e-01 7.826000e-01 1.246789e+00 1.284663e+00 1.154205e+00 2.133344e+00 1.033727e+00 1.751798e+00 9.787330e-01 1.336536e+00 7.703221e-01 3.362001e-01 4.121350e-02 1.643287e-01 1.200947e-01 1.511528e-01 1.584021e-01 2.182503e-01 2.543927e-01 1.976303e-01 2.707838e-01 1.453550e-01 2.884521e-01 9.920378e-02 4.853717e-02
<GCONST> 8.221542e+01
~s "ST_a_2_1"
<MEAN> 39
 -8.603168e+00 1.723328e+00 7.082320e-01 2.969289e+00 2.141070e+00 -2.102831e+00 -2.068130e+00 -3.307975e+00 -6.691720e+00 4.902501e-01 6.145189e+00 -1.106792e+00 6.899991e+01 7.521566e-01 4.748181e-01 1.387338e-01 4.171426e-01 1.807458e-01 -3.607340e-01 -2.769513e-01 -2.211957e-01 -2.556610e-01 -8.189066e-02 -4.827778e-02 -2.348287e-01 3.814275e-01 -1.017449e-01 -2.140862e-02 -5.884493e-02 -7.289346e-02 -1.081460e-01 6.912553e-02 1.774613e-01 1.073497e-01 1.305035e-01 1.111147e-01 1.234055e-02 1.773955e-02 -9.261748e-02
<VARIANCE> 39
 6.258172e+01 5.467783e+01 3.842540e+01 4.033642e+01 2.738892e+01 2.653516e+01 3.733290e+01 3.144338e+01 5.671006e+01 2.562386e+01 2.372272e+01 1.901748e+01 2.247314e+01 4.457384e+00 3.035020e+00 2.470417e+00 1.953786e+00 1.241944e+00 2.261118e+00 2.978269e+00 2.470184e+00 5.357602e+00 1.527019e+00 3.028448e+00 1.404550e+00 2.362916e+00 4.381990e-01 5.839502e-01 4.016778e-01 3.937680e-01 1.724365e-01 3.705551e-01 3.503565e-01 3.662046e-01 6.903306e-01 2.488795e-01 4.503550e-01 2.304743e-01 2.041295e-01
<GCONST> 1.153133e+02
~s "ST_a_2_2"
<MEAN> 39
 -6.923083e+00 4.972535e+00 3.157444e+00 3.437558e+00 3.057215e+00 -6.009252e+00 -5.533464e+00 -2.762405e+00 -8.726574e+00 -1.058495e+00 6.710824e+00 -2.453611e+00 6.993536e+01 2.282855e+00 1.624825e-01 -7.378901e-02 -2.984426e-03 -5.035525e-01 -1.010100e+00 -8.752311e-01 -3.091275e-01 -1.490358e+00 -1.777570e-01 9.510803e-01 -1.433602e-01 1.577476e+00 -3.471720e-01 -2.702006e-01 -3.105824e-01 1.012564e-02 -1.415392e-01 3.182560e-01 3.365339e-01 2.283167e-01 3.040088e-01 1.387876e-01 -1.344105e-02 5.157007e-02 -3.151944e-01
<VARIANCE> 39
 3.222404e+01 2.944498e+01 2.729384e+01 1.046021e+02 4.178466e+01 3.754852e+01 3.955834e+01 2.654572e+01 3.615473e+01 1.694208e+01 2.745465e+01 1.157572e+01 2.226758e+01 5.620739e+00 2.618512e+00 2.173229e+00 3.750073e+00 2.920764e+00 4.054897e+00 3.379700e+00 2.356730e+00 4.282334e+00 1.599237e+00 2.338470e+00 1.136100e+00 3.414704e+00 5.868705e-01 3.649217e-01 2.824418e-01 4.645655e-01 4.062057e-01 5.427883e-01 5.749009e-01 4.039353e-01 3.698933e-01 2.089340e-01 3.503567e-01 1.906317e-01 3.162995e-01
<GCONST> 1.165879e+02
~s "ST_a_2_3"
<MEAN> 39
 -9.573130e+00 2.056297e+00 -3.794943e+00 -2.249533e+00 -9.342566e-01 -2.673784e+00 3.494183e+00 6.021585e-01 -2.962140e+00 4.492067e+00 4.048192e+00 -9.371582e-01 6.787787e+01 2.938790e-01 3.392883e-01 2.055832e-01 1.940492e-01 -2.667581e-02 -2.176987e-01 -3.243130e-01 1.461501e-01 2.295577e-01 -5.434363e-02 3.066042e-02 6.892295e-02 5.907886e-02 -1.558747e-01 -1.718996e-01 -1.073041e-01 -1.233492e-02 -2.336286e-02 1.181299e-01 1.486050e-01 1.090265e-01 8.146593e-02 6.122496e-02 6.051433e-02 5.999839e-02 -8.458023e-02
<VARIANCE> 39
 7.876653e+01 3.039839e+01 2.232634e+01 2.008039e+01 2.395182e+01 3.147358e+01 4.030596e+01 2.337141e+01 4.519391e+01 2.428798e+01 1.523879e+01 1.114000e+01 4.995850e+01 7.796366e+00 2.879736e+00 2.036501e+00 1.451155e+00 2.284676e+00 3.185733e+00 3.101061e+00 2.500789e+00 6.020861e+00 1.751453e+00 2.037070e+00 1.241688e+00 5.460275e+00 6.841582e-01 5.298997e-01 3.468348e-01 2.394460e-01 3.800642e-01 4.625533e-01 5.057809e-01 4.137469e-01 5.491678e-01 3.220925e-01 2.875505e-01 2.260174e-01 4.746605e-01
<GCONST> 1.162762e+02
~s "ST_a_3_1"
<MEAN> 39
 -4.546244e+00 1.732062e+00 -1.149490e+00 1.546567e+00 2.145800e+00 -4.174413e+00 -4.794400e+00 -2.301891e+00 -9.666197e+00 5.816234e-01 1.155467e+01 1.333031e-01 7.174996e+01 -2.393831e-01 -6.052454e-02 -1.458015e-01 -1.274743e-01 -3.027065e-01 4.860196e-01 6.639571e-01 2.533697e-02 3.025819e-01 1.117691e-01 -8.323667e-02 1.029736e-01 -2.468034e-01 -1.952205e-01 7.141981e-02 8.241476e-02 -3.479832e-02 4.900687e-02 7.599634e-02 1.087023e-01 -4.170733e-02 1.085244e-01 4.622956e-02 -1.494966e-01 -9.591798e-03 -1.344606e-01
<VARIANCE> 39
 4.336885e+01 2.489719e+01 1.637005e+01 4.942898e+01 5.954960e+01 4.150552e+01 6.702779e+01 4.025068e+01 7.063161e+01 2.015825e+01 4.391841e+01 1.473220e+01 3.808398e+01 3.890291e-01 1.070850e+00 6.882173e-01 7.098417e-01 7.595432e-01 9.470794e-01 1.369998e+00 1.396569e+00 1.659254e+00 8.680385e-01 1.284216e+00 8.265840e-01 3.058446e-01 1.604958e-01 1.953949e-01 1.715810e-01 1.160772e-01 2.042668e-01 2.517996e-01 2.704284e-01 2.840654e-01 3.253375e-01 2.047809e-01 1.908047e-01 1.364681e-01 6.633157e-02
<GCONST> 9.442896e+01
~s "ST_a_3_2"
<MEAN> 39
 -9.837069e+00 6.500508e+00 2.174544e+00 5.561441e+00 3.647786e+00 -4.406735e-01 1.469679e-01 4.270000e-01 3.094360e-01 3.365550e+00 3.880941e+00 -1.075726e+00 6.574050e+01 -5.111751e-01 -3.808549e-01 -2.019015e-01 -2.165671e-01 -6.397985e-02 4.939449e-01 8.233338e-01 5.945710e-01 2.326083e-01 4.441385e-02 1.381359e-01 1.958601e-01 -2.473558e-01 -1.049290e-01 -1.641831e-01 -1.251067e-01 -1.663994e-01 -9.927671e-02 -1.430355e-02 -2.631860e-02 -4.942286e-02 9.337280e-03 -1.255326e-02 -6.002609e-02 -1.467373e-02 -2.217034e-02
<VARIANCE> 39
 3.334464e+01 2.014542e+01 2.498382e+01 3.244953e+01 2.943839e+01 3.428744e+01 3.487038e+01 3.599542e+01 7.362505e+01 2.493319e+01 1.692591e+01 1.133744e+01 2.584033e+01 1.287467e+00 1.186665e+00 9.769176e-01 1.148775e+00 9.768451e-01 1.335605e+00 1.373475e+00 1.609899e+00 1.988501e+00 8.433684e-01 8.445624e-01 9.648175e-01 7.322057e-01 2.603153e-01 1.584862e-01 1.549763e-01 1.408154e-01 2.155344e-01 3.671879e-01 3.089945e-01 2.923816e-01 3.817591e-01 1.626407e-01 1.502616e-01 1.675325e-01 1.269684e-01
<GCONST> 9.608205e+01
~s "ST_a_3_3"
<MEAN> 39
 -1.061474e+01 8.711617e+00 4.443390e+00 8.385927e+00 5.958430e+00 7.819370e-01 -1.491613e+00 1.260360e-01 4.038054e+00 4.950887e+00 1.409658e+00 -2.007161e+00 6.424592e+01 -9.996883e-01 -2.999168e-01 -1.136358e-01 -1.177654e-01 1.886678e-01 8.055679e-01 1.195539e+00 1.146044e+00 8.336639e-01 7.921814e-02 3.580976e-02 3.362819e-01 -6.496425e-01 -1.766274e-02 -2.155848e-01 -2.591402e-01 -2.767130e-01 -1.779680e-01 -6.633539e-02 6.454683e-02 -5.261637e-02 -2.232127e-01 -2.945633e-02 1.244343e-01 3.153496e-02 5.377424e-02
<VARIANCE> 39
 1.267808e+01 5.576180e+00 5.578850e+00 1.454918e+01 1.443557e+01 2.401717e+01 4.573177e+01 2.843776e+01 1.277906e+01 7.640556e+00 7.289839e+00 1.524460e+01 6.453125e+00 4.194832e-01 6.585881e-01 6.489493e-01 8.058205e-01 5.659623e-01 1.192050e+00 1.379467e+00 1.224344e+00 9.667454e-01 5.619689e-01 5.612663e-01 5.939450e-01 1.597761e-01 6.595612e-02 1.118567e-01 1.090390e-01 1.068000e-01 1.523988e-01 3.317243e-01 3.748730e-01 2.362453e-01 2.686768e-01 1.129254e-01 1.895991e-01 1.448252e-01 4.471819e-02
<GCONST> 7.419221e+01
~s "ST_a_4_1"
<MEAN> 39
 -5.963138e+00 3.231394e+00 -2.751276e+00 7.833416e-01 8.347647e-01 1.645267e-01 2.404739e+00 -1.276292e-01 -5.076272e+00 3.140555e+00 9.196082e+00 8.942631e-01 6.924664e+01 -8.495948e-01 1.834318e-01 1.098718e-01 2.085466e-01 4.069153e-01 6.425107e-01 4.824615e-01 2.300176e-01 7.754287e-01 2.426250e-01 -4.564040e-01 5.989458e-02 -7.237296e-01 -5.509304e-02 -1.956219e-02 1.406300e-02 -2.507613e-02 -1.543469e-02 -8.434082e-02 -9.671157e-02 2.371562e-04 3.108034e-03 -6.351992e-02 -6.134647e-02 -3.517960e-02 -2.095095e-02
<VARIANCE> 39
 4.709328e+01 1.680055e+01 1.322352e+01 1.724146e+01 3.062455e+01 3.978464e+01 2.419097e+01 2.312963e+01 5.484436e+01 1.183164e+01 1.656288e+01 7.871514e+00 3.408740e+01 4.156815e-01 1.085951e+00 7.787230e-01 9.997825e-01 1.259807e+00 1.358416e+00 8.853409e-01 1.166465e+00 1.788191e+00 6.855432e-01 9.961378e-01 5.870490e-01 2.890790e-01 5.050253e-02 1.645666e-01 1.274308e-01 1.481937e-01 1.798594e-01 2.112134e-01 1.800505e-01 2.216947e-01 2.614562e-01 1.074307e-01 1.315584e-01 1.062044e-01 3.707588e-02
<GCONST> 8.364801e+01
~s "ST_a_4_2"
<MEAN> 39
 -1.336197e+01 2.310925e+00 -2.900976e+00 -7.909091e-01 -2.356999e-01 -4.441736e-02 2.391612e+00 1.709626e+00 -1.197072e+00 1.392658e+00 4.157471e+00 -3.212528e-01 6.427851e+01 -1.023357e-01 -1.334537e-01 -2.520210e-02 -1.537135e-01 -1.495244e-01 3.225273e-02 -3.036210e-03 -1.491959e-01 -1.701894e-01 -1.111758e-01 -1.230418e-01 -6.792529e-02 -3.291326e-02 6.908584e-03 6.933959e-02 1.118110e-01 1.071874e-01 1.086545e-01 4.314855e-02 -4.215473e-02 -2.490133e-03 3.561442e-02 1.623648e-02 1.099536e-02 5.486203e-02 -6.651948e-03
<VARIANCE> 39
 7.393340e+01 1.084890e+01 1.462631e+01 1.712181e+01 1.713996e+01 2.615666e+01 2.461970e+01 3.002606e+01 6.719987e+01 1.804576e+01 3.027640e+01 1.139793e+01 4.565283e+01 5.324029e-01 6.299886e-01 7.365115e-01 8.584290e-01 8.854655e-01 1.246787e+00 1.194793e+00 1.296050e+00 1.305449e+00 9.778494e-01 9.414361e-01 8.204186e-01 3.741361e-01 8.640719e-02 1.374416e-01 1.381680e-01 1.312991e-01 1.473323e-01 1.879927e-01 2.313192e-01 2.474743e-01 2.300898e-01 1.840547e-01 1.715896e-01 1.833130e-01 5.352603e-02
<GCONST> 8.691403e+01
~s "ST_a_4_3"
<MEAN> 39
 -2.048072e+01 1.894598e+00 -2.663613e+00 -6.712639e-01 -9.343047e-02 1.697242e+00 4.103700e+00 4.904091e+00 4.524684e+00 2.147261e+00 7.103284e-01 -6.175913e-01 5.876500e+01 -1.643811e-01 -1.960091e-01 -2.409471e-01 -3.090329e-01 -3.247003e-01 -2.102130e-01 -1.249937e-01 -1.365392e-01 -2.087559e-01 -1.617559e-01 -1.069839e-01 -3.763795e-02 -6.373762e-02 9.408683e-02 1.096354e-01 1.397844e-01 1.648690e-01 1.416503e-01 8.302326e-02 2.321563e-02 4.503447e-02 4.872442e-02 -1.400320e-03 2.462314e-03 2.170223e-03 4.615519e-02
<VARIANCE> 39
 1.396637e+00 1.756553e+00 3.896142e+00 6.257441e+00 5.352252e+00 6.985516e+00 8.764683e+00 6.885305e+00 1.052800e+01 8.070242e+00 7.403684e+00 9.213284e+00 1.447754e+00 1.843217e-01 2.591738e-01 5.124733e-01 8.906894e-01 8.930711e-01 1.100102e+00 1.018041e+00 9.486178e-01 1.386155e+00 9.361227e-01 5.642827e-01 7.893068e-01 6.467536e-02 4.544766e-02 5.926974e-02 9.358678e-02 1.540595e-01 1.289515e-01 1.854208e-01 1.998596e-01 1.818790e-01 2.692552e-01 1.886781e-01 1.083232e-01 1.545512e-01 1.475808e-02
<GCONST> 5.687016e+01
~s "ST_a_4_4"
<MEAN> 39
 -1.820006e+01 3.559856e+00 -9.320552e-01 1.893088e+00 2.931072e+00 3.962663e+00 5.749981e+00 6.385353e+00 6.164857e+00 3.857716e+00 3.175407e+00 1.226550e+00 6.008759e+01 -1.012236e+00 -9.311525e-01 -1.006706e+00 -1.233820e+00 -1.150585e+00 -8.672896e-01 -5.774843e-01 -4.194353e-01 -3.383711e-01 -5.123527e-01 -4.031651e-01 -2.010700e-01 -5.175825e-01 2.420972e-01 2.026710e-01 1.704126e-01 1.055233e-01 -1.330267e-02 -1.529462e-01 -3.410150e-01 -4.378781e-01 -2.823812e-01 -7.438682e-02 -1.194348e-01 -1.888796e-01 1.220343e-01
<VARIANCE> 39
 6.064423e+00 4.375270e+00 7.945476e+00 1.407905e+01 1.261290e+01 1.162851e+01 1.742176e+01 1.180006e+01 2.955184e+01 1.576386e+01 8.316712e+00 7.425872e+00 3.859131e+00 2.335041e-01 8.073521e-01 6.973943e-01 1.052793e+00 1.008020e+00 1.667176e+00 1.839206e+00 1.505692e+00 1.970371e+00 1.094180e+00 1.039347e+00 1.129259e+00 2.584490e-01 6.531529e-02 5.619334e-02 6.835840e-02 1.304183e-01 1.731437e-01 2.632574e-01 2.853839e-01 3.434010e-01 3.506351e-01 2.013292e-01 1.356572e-01 1.732872e-01 3.262372e-02
<GCONST> 7.517746e+01
~s "ST_n_2_1"
<MEAN> 39
 -9.567595e+00 3.196251e+00 4.712326e+00 6.064340e+00 5.279570e+00 -1.671316e+00 -3.889420e+00 -3.384198e+00 -7.136684e+00 -1.597698e+00 4.698147e+00 -2.006461e+00 6.861217e+01 6.447057e-01 -3.327585e-01 2.502920e-01 9.958401e-01 1.259523e+00 -4.212511e-01 -1.587965e+00 -5.701920e-01 -5.792450e-01 -3.370878e-01 5.612714e-01 -7.644239e-02 6.924321e-01 -3.590210e-02 3.076303e-01 3.705154e-02 -4.958893e-02 -9.330682e-02 -2.887263e-02 -4.042157e-03 3.621335e-02 1.098261e-01 7.007430e-02 -7.089994e-04 5.798934e-02 -1.973893e-01
<VARIANCE> 39
 5.821351e+01 5.407940e+01 4.013878e+01 5.305231e+01 6.496882e+01 2.204108e+01 6.023688e+01 3.254468e+01 5.618887e+01 4.381338e+01 1.593069e+01 1.948930e+01 2.424316e+01 2.405142e+00 6.565014e+00 3.114378e+00 2.371369e+00 3.420265e+00 2.698826e+00 3.709087e+00 2.981761e+00 6.731174e+00 2.497396e+00 2.756181e+00 2.387465e+00 1.652802e+00 3.874759e-01 9.523918e-01 5.404999e-01 6.517363e-01 8.484286e-01 5.466837e-01 9.708064e-01 6.076117e-01 1.002770e+00 5.644889e-01 4.125068e-01 3.385867e-01 2.816938e-01
<GCONST> 1.264304e+02
~s "ST_n_3_1"
<MEAN> 39
 -5.684698e+00 8.774372e+00 6.295371e+00 6.592012e+00 6.016192e+00 -3.456428e+00 -9.912414e+00 -5.115413e+00 -7.356094e+00 -2.702928e+00 5.727307e+00 -2.253267e+00 6.905061e+01 4.501383e-02 1.865384e-01 -2.008699e-01 -6.574439e-01 -6.211396e-01 9.138696e-02 4.221612e-01 1.693213e-01 2.424528e-01 1.203181e-01 -1.100812e-01 4.365422e-02 -4.360015e-02 -5.399005e-03 -1.689089e-01 -1.290004e-01 -1.763692e-02 -3.078612e-02 -3.052527e-05 1.916300e-01 9.396815e-02 -1.148626e-01 -3.922010e-02 6.196404e-02 2.491065e-02 5.842657e-02
<VARIANCE> 39
 1.134236e+01 2.950547e+01 2.365079e+01 3.605123e+01 4.071207e+01 3.141098e+01 5.111607e+01 1.887778e+01 3.939975e+01 2.226516e+01 2.560209e+01 1.917564e+01 1.308057e+01 6.498330e-01 3.283560e+00 1.778541e+00 2.742932e+00 2.365360e+00 2.806647e+00 3.205944e+00 1.701726e+00 5.081723e+00 2.067013e+00 3.747289e+00 1.594439e+00 1.141115e+00 7.949133e-02 4.923335e-01 2.523074e-01 4.939736e-01 5.202026e-01 4.550425e-01 5.686855e-01 3.251052e-01 8.645924e-01 3.377234e-01 6.880808e-01 3.146001e-01 1.207455e-01
<GCONST> 1.106848e+02
~s "ST_n_4_1"
<MEAN> 39
 -3.646670e+00 4.257694e+00 -2.519043e-01 1.951629e+00 9.400026e-01 -3.047427e+00 -2.850410e+00 -5.213575e+00 -9.826109e+00 1.071231e-01 7.814310e+00 -5.758693e-02 7.181605e+01 -2.960408e-02 -2.761150e-01 -3.471539e-01 2.094276e-01 1.402041e-01 6.323633e-02 3.608415e-01 -8.497705e-02 -1.085762e-01 3.657784e-01 1.908947e-01 6.552874e-02 -2.424992e-03 -1.094376e-01 7.762731e-02 1.622174e-01 5.652968e-02 5.449447e-02 1.202417e-02 -2.498231e-02 -2.971133e-02 1.360498e-01 5.614407e-02 -1.141175e-01 -3.470459e-02 -7.024352e-02
<VARIANCE> 39
 2.022858e+01 2.375262e+01 2.635302e+01 2.574097e+01 2.947996e+01 1.660068e+01 2.513130e+01 3.163166e+01 5.233170e+01 2.516109e+01 4.275294e+01 1.908012e+01 2.023340e+01 5.134956e-01 1.417538e+00 1.564487e+00 8.306149e-01 6.459811e-01 8.694721e-01 1.906806e+00 1.446395e+00 2.657865e+00 1.177299e+00 2.282107e+00 1.164709e+00 5.614840e-01 5.043116e-02 2.831101e-01 2.071075e-01 1.868681e-01 1.474726e-01 1.825969e-01 2.752682e-01 2.457953e-01 5.509164e-01 2.311428e-01 3.949690e-01 1.896387e-01 8.766058e-02
<GCONST> 9.516502e+01
~s "ST_d_2_1"
<MEAN> 39
 -1.110907e+01 6.897754e+00 6.061337e+00 7.703038e+00 6.045996e+00 1.279731e+00 -1.412020e+00 -3.850335e+00 -4.671504e+00 -6.216236e-01 3.597588e+00 -8.924743e-01 6.568557e+01 1.334981e+00 -5.447527e-01 4.009392e-01 9.291319e-01 1.017933e+00 -5.077538e-01 -1.399176e+00 -1.196735e+00 -1.886943e+00 -1.072266e+00 6.276011e-01 -2.448174e-01 1.370205e+00 5.452409e-02 -6.224141e-02 -2.450101e-01 -3.442184e-02 4.552346e-03 -1.665111e-01 -1.442835e-01 2.326767e-01 -1.244734e-01 -2.551444e-01 6.600245e-02 6.544961e-02 -1.871484e-02
<VARIANCE> 39
 3.744427e+01 4.242178e+01 3.325656e+01 3.569911e+01 2.332232e+01 1.885496e+01 4.769242e+01 5.969743e+01 8.466254e+01 2.278202e+01 2.077574e+01 1.546902e+01 3.251367e+01 2.430649e+00 6.159540e+00 4.409626e+00 2.735244e+00 1.655409e+00 3.231062e+00 4.946038e+00 4.807105e+00 6.718007e+00 2.961844e+00 1.945561e+00 1.640860e+00 1.911189e+00 3.623239e-01 1.008371e+00 5.797406e-01 3.943972e-01 2.673510e-01 3.990945e-01 8.090421e-01 1.261688e+00 1.252065e+00 4.053998e-01 3.559120e-01 2.726288e-01 3.784761e-01
<GCONST> 1.231450e+02
~s "ST_d_2_2"
<MEAN> 39
 -5.268722e+00 5.152656e+00 1.397668e+00 3.492659e+00 4.805088e+00 -1.865880e+00 -2.959238e+00 -5.063230e+00 -1.080461e+01 -5.932946e+00 3.530219e+00 1.002979e+00 7.048671e+01 4.988807e-01 1.716569e-01 4.259771e-01 6.747345e-01 3.700929e-01 -6.239557e-02 -3.531425e-01 -3.496671e-01 -5.410791e-01 -2.356325e-01 8.351693e-02 -1.727846e-01 3.182082e-01 -1.082305e-01 -5.257839e-02 -2.099040e-02 1.172048e-01 3.140052e-02 -2.404377e-03 -3.734011e-03 1.101056e-01 4.944233e-02 2.893062e-02 1.807226e-02 -3.375962e-02 -1.072062e-01
<VARIANCE> 39
 3.498826e+01 3.995415e+01 3.949624e+01 2.694360e+01 1.390954e+01 1.756148e+01 2.250705e+01 2.407386e+01 5.656830e+01 2.982207e+01 1.975388e+01 1.013993e+01 2.305518e+01 4.251917e+00 4.186994e+00 2.071005e+00 1.999067e+00 1.878875e+00 2.249869e+00 2.899303e+00 1.644568e+00 5.120481e+00 2.924713e+00 1.701075e+00 1.105159e+00 2.685015e+00 5.885338e-01 6.772239e-01 3.589387e-01 3.880734e-01 3.270030e-01 4.046160e-01 4.407816e-01 2.821986e-01 6.780410e-01 4.511006e-01 3.174141e-01 1.750116e-01 3.420311e-01
<GCONST> 1.130346e+02
~s "ST_d_3_1"
<MEAN> 39
 -3.487991e+00 4.403141e+00 3.313118e+00 6.083241e+00 6.602993e+00 -5.033696e+00 -9.433168e+00 -3.388521e+00 -1.051520e+01 -2.184619e+00 7.859633e+00 -3.470091e+00 7.220076e+01 -2.020943e-03 4.018188e-02 -2.902093e-01 -3.529611e-01 -2.390148e-01 1.521465e-01 3.271691e-01 1.455916e-01 9.704237e-02 1.399655e-01 8.114132e-02 1.631675e-01 -8.218751e-02 -6.459297e-02 4.787731e-02 3.568664e-02 -4.476315e-02 -3.447805e-02 8.250988e-02 7.947837e-02 1.635058e-02 1.245229e-01 9.866408e-02 -4.101173e-02 4.030997e-03 -5.555987e-02
<VARIANCE> 39
 8.630574e+00 2.828771e+01 2.847934e+01 4.046223e+01 2.964306e+01 1.704475e+01 2.849435e+01 3.122818e+01 3.952702e+01 3.642935e+01 4.296746e+01 2.016033e+01 1.186719e+01 6.253833e-01 1.948003e+00 1.438556e+00 2.577447e+00 1.312543e+00 2.094183e+00 1.928061e+00 2.038590e+00 3.769975e+00 1.468274e+00 3.497021e+00 1.408605e+00 9.279864e-01 6.929401e-02 2.586950e-01 2.173436e-01 4.040268e-01 2.427842e-01 3.598371e-01 3.353352e-01 3.569365e-01 5.971913e-01 2.859489e-01 5.355644e-01 2.300899e-01 1.048251e-01
<GCONST> 1.037384e+02
~s "ST_d_3_2"
<MEAN> 39
 -6.615496e+00 2.675008e+00 7.996339e+00 1.703190e+01 1.032040e+01 -7.865698e+00 -9.202377e+00 -3.065499e+00 -1.450461e+01 -6.266365e+00 8.721512e+00 -3.834902e+00 7.033833e+01 -3.356835e-01 2.252961e-01 1.031457e-01 2.151967e-01 -2.358219e-01 -6.153680e-02 4.694311e-01 5.066656e-01 3.593991e-01 1.598426e-01 -1.260621e-01 -5.336607e-02 -4.367711e-01 -1.973524e-01 1.040147e-01 -7.668815e-03 -3.240829e-01 -1.750192e-01 2.318556e-01 2.645581e-01 7.942452e-02 4.439557e-01 1.821425e-01 -2.385423e-01 8.140459e-02 -1.493071e-01
<VARIANCE> 39
 1.229429e+01 1.125599e+01 1.897968e+01 4.858206e+01 2.063849e+01 3.071693e+01 3.130656e+01 2.003601e+01 3.943687e+01 3.657423e+01 2.139126e+01 1.152223e+01 1.017871e+01 7.552258e-01 9.403814e-01 8.996578e-01 1.584580e+00 9.641955e-01 2.327553e+00 1.902931e+00 1.666263e+00 3.761160e+00 1.816332e+00 1.403879e+00 6.772298e-01 5.099582e-01 5.224416e-02 3.194059e-01 1.758573e-01 2.201911e-01 2.036472e-01 2.446651e-01 3.504656e-01 2.801422e-01 4.183541e-01 2.654622e-01 1.855295e-01 1.540178e-01 7.427859e-02
<GCONST> 9.358356e+01
~s "ST_d_4_1"
<MEAN> 39
 -1.279240e+01 4.162269e+00 9.631858e-01 5.011862e+00 4.552597e+00 1.640463e+00 9.497538e-01 -2.328032e-01 -2.838339e+00 1.963278e+00 6.099135e+00 1.138910e-01 6.417313e+01 -1.117441e+00 2.743870e-01 -6.970770e-02 -9.426177e-01 -4.191144e-01 6.878253e-01 8.687026e-01 9.819238e-01 1.688969e+00 3.522071e-01 -8.895546e-01 2.515671e-01 -8.785113e-01 1.452463e-01 -2.506956e-01 7.635667e-03 3.035323e-02 1.334737e-01 -2.023175e-01 -2.531241e-01 -3.439481e-01 -4.675512e-01 -1.856318e-01 1.037796e-01 -3.198793e-04 3.057079e-01
<VARIANCE> 39
 4.261824e+01 1.049152e+01 2.005639e+01 3.461213e+01 1.124586e+01 2.398069e+01 2.659595e+01 3.403482e+01 6.782774e+01 3.689614e+01 2.659825e+01 1.192517e+01 2.326270e+01 1.469324e+00 2.707817e+00 1.758470e+00 2.405930e+00 1.272575e+00 3.088022e+00 3.419973e+00 4.744052e+00 8.302959e+00 2.152318e+00 2.006941e+00 7.070526e-01 2.240101e+00 2.364844e-01 2.178985e-01 1.999136e-01 3.760913e-01 1.866971e-01 5.555088e-01 4.947582e-01 7.155486e-01 1.006098e+00 3.680763e-01 3.067539e-01 1.455803e-01 2.699509e-01
<GCONST> 1.102081e+02
~s "ST_g_2_1"
<MEAN> 39
 -1.456943e+01 5.875166e+00 1.166797e+00 2.990824e+00 2.926708e+00 1.786589e+00 1.027533e+00 7.617264e-01 1.512805e+00 2.565599e+00 1.199475e+00 -1.562772e+00 6.228195e+01 1.244835e+00 -7.359503e-01 6.919500e-01 1.063358e+00 9.613773e-01 -2.478755e-01 -1.796993e+00 -2.582492e+00 -1.687129e+00 -6.359735e-01 7.820166e-01 -1.403890e-01 1.601308e+00 4.724282e-01 -5.658376e-01 -5.714158e-02 4.130329e-01 2.584396e-01 -3.694680e-01 -5.599082e-01 -7.299718e-01 -9.494439e-01 -2.729851e-01 3.989468e-01 -1.664675e-01 6.200167e-01
<VARIANCE> 39
 4.283151e+01 2.949546e+01 2.668348e+01 1.834556e+01 9.473728e+00 5.451609e+00 2.885377e+01 3.278130e+01 2.462926e+01 1.423088e+01 2.287651e+00 1.118548e+01 1.610083e+01 1.785491e+00 5.397778e+00 2.442498e+00 1.743454e+00 7.970012e-01 1.902606e+00 2.982023e+00 6.334102e+00 4.517989e+00 1.713595e+00 9.141257e-01 7.380201e-01 2.348710e+00 1.597692e-01 6.034052e-01 4.329621e-01 3.248619e-01 2.255300e-01 3.770608e-01 7.063813e-01 7.040625e-01 3.760185e-01 3.218923e-01 1.362863e-01 2.385737e-01 1.012526e-01
<GCONST> 1.019738e+02
~s "ST_g_3_1"
<MEAN> 39
 -8.587870e+00 -1.043299e+00 1.831361e+00 6.993358e+00 6.960141e+00 2.228284e-01 -6.867570e+00 -1.125595e+01 -8.923161e+00 -9.118344e-01 6.110058e+00 -2.584613e+00 7.064310e+01 1.973593e+00 -1.154796e+00 7.053849e-01 3.205230e+00 1.893265e+00 -1.821377e+00 -1.830544e+00 -1.554769e+00 -3.831274e+00 -4.200382e-01 1.458351e+00 -8.580688e-01 1.913278e+00 -1.666595e-02 4.302779e-01 -1.509015e-01 1.817302e-01 -1.136360e-01 -6.110054e-01 4.438173e-01 1.120023e+00 -1.978042e-01 2.685754e-02 -2.036181e-02 7.230660e-02 -3.523412e-01
<VARIANCE> 39
 1.337537e+01 2.054498e+01 1.597497e+01 5.636189e+01 1.986428e+01 3.336987e+01 1.053786e+01 5.056588e+01 4.007845e+01 2.358007e+01 1.136246e+01 7.699400e+00 5.909668e+00 2.103427e+00 4.995577e+00 2.899028e+00 2.577690e+00 2.293957e+00 3.702150e+00 2.129842e+00 4.898850e+00 6.470567e+00 1.931582e+00 1.312304e+00 1.099194e+00 1.801915e+00 1.005737e-01 3.807027e-01 4.857423e-01 9.484569e-01 2.987395e-01 6.146991e-01 2.241403e-01 5.005671e-01 3.419599e-01 1.721757e-01 2.419406e-01 1.436038e-01 1.236828e-01
<GCONST> 1.060966e+02
~s "ST_g_4_1"
<MEAN> 39
 -2.040709e+00 -1.481034e+00 1.624865e+00 1.262577e+01 8.948745e+00 -8.676910e+00 -9.098884e+00 -1.034755e+01 -2.385295e+01 -2.945885e+00 1.225758e+01 -2.764750e+00 7.484577e+01 2.313277e-02 1.002489e-01 2.671936e-01 3.151230e-01 2.355416e-02 -3.674451e-01 -1.960251e-01 2.437113e-01 -1.301368e-01 -2.270825e-01 1.542505e-01 -1.261201e-01 -6.295698e-03 -2.451126e-01 1.157502e-01 -5.903537e-03 -3.216060e-01 -8.494651e-02 3.767300e-01 1.881726e-01 6.799204e-02 4.323299e-01 1.690644e-02 -1.412051e-01 1.004006e-01 -2.027398e-01
<VARIANCE> 39
 2.780527e+00 6.626716e+00 1.409148e+01 2.803621e+01 1.433295e+01 9.970535e+00 1.218158e+01 3.166486e+01 5.372241e+01 3.145996e+01 1.477373e+01 8.883062e+00 3.398926e+00 7.626782e-01 4.382021e-01 9.561504e-01 1.953293e+00 7.959852e-01 2.203804e+00 1.065780e+00 1.391445e+00 3.931582e+00 1.220488e+00 9.892365e-01 6.307170e-01 3.781013e-01 1.339231e-01 1.430056e-01 2.117247e-01 6.050481e-01 2.349399e-01 4.775293e-01 2.799540e-01 2.303110e-01 7.397248e-01 2.760659e-01 1.865290e-01 1.497582e-01 8.317925e-02
<GCONST> 8.703654e+01
~s "ST_t_2_1"
<MEAN> 39
 -1.244698e+01 5.032628e-01 1.212094e+00 5.434555e-01 3.080807e+00 -5.845485e-01 -2.421855e+00 -4.519372e+00 -4.509443e+00 -8.223466e-01 3.454670e+00 -4.416974e-01 6.822402e+01 4.950373e-01 -1.130647e-01 -1.008282e-01 2.491935e-01 1.301332e-01 -5.871544e-02 -5.479936e-02 -3.689350e-01 -6.827071e-01 -2.103691e-01 2.629637e-01 1.536422e-01 3.668560e-01 1.371740e-01 -2.709269e-02 -4.896386e-02 6.135316e-02 -6.148792e-03 -6.382596e-02 2.167320e-02 -8.997502e-02 -1.841725e-01 1.574806e-02 1.415219e-01 3.624088e-02 1.015877e-01
<VARIANCE> 39
 7.886137e+01 3.302977e+01 2.914683e+01 5.783083e+01 2.217165e+01 1.895063e+01 2.845933e+01 4.819572e+01 5.208200e+01 2.711261e+01 1.533896e+01 1.353795e+01 3.117188e+01 7.786466e+00 2.925549e+00 4.054603e+00 7.102324e+00 2.533675e+00 2.295910e+00 3.606550e+00 5.502939e+00 5.727150e+00 2.337237e+00 2.026615e+00 1.316355e+00 3.506761e+00 1.083395e+00 5.089154e-01 7.711452e-01 1.255594e+00 5.364642e-01 4.400322e-01 7.259678e-01 1.027049e+00 8.924603e-01 4.496205e-01 4.201072e-01 2.285786e-01 5.582576e-01
<GCONST> 1.261258e+02
~s "ST_t_3_1"
<MEAN> 39
 -1.599733e+00 -1.565428e+00 -3.932386e+00 3.556038e+00 8.529296e-01 -5.607094e+00 -3.414871e-01 -9.720247e+00 -1.716385e+01 -2.699044e+00 1.054936e+01 4.888787e+00 7.505556e+01 7.854203e-01 -3.911732e-02 -7.210081e-01 -1.805987e-01 -5.349075e-01 -6.321954e-01 2.459779e-01 -5.834356e-03 -2.188932e-01 4.668080e-02 6.256385e-02 3.257596e-01 4.289372e-01 -4.587255e-01 7.926823e-02 2.388565e-01 -3.249669e-01 -3.247502e-02 1.239756e-01 -1.912608e-01 2.141135e-01 5.331003e-01 6.360689e-02 -3.372141e-01 -1.507897e-01 -2.367474e-01
<VARIANCE> 39
 7.255736e+00 1.453926e+01 8.316196e+00 1.444121e+01 1.521158e+01 2.221391e+01 1.269362e+01 4.712542e+01 1.476758e+01 2.214774e+01 1.900150e+01 1.162195e+01 6.196777e+00 2.902564e+00 9.913539e-01 1.823604e+00 2.078432e+00 1.714807e+00 2.589555e+00 1.304435e+00 1.702872e+00 3.048215e+00 2.352546e+00 2.237650e+00 9.557218e-01 9.656215e-01 6.146902e-01 2.779086e-01 3.838780e-01 5.921279e-01 3.813981e-01 5.576324e-01 1.578854e-01 3.402959e-01 4.831173e-01 4.136422e-01 4.082832e-01 1.757240e-01 1.546917e-01
<GCONST> 9.989431e+01
~s "ST_t_4_1"
<MEAN> 39
 -1.336529e+00 1.172276e+00 -3.694549e+00 1.744892e+00 -1.676484e-01 -5.825866e+00 -1.281197e+00 -7.129149e+00 -1.473095e+01 -1.305630e+00 8.951470e+00 3.348551e+00 7.407049e+01 -5.373303e-01 8.384960e-01 7.012010e-01 -1.657073e-01 4.573171e-02 4.232541e-01 -9.534100e-02 5.166230e-01 6.757919e-01 1.894874e-01 -1.022955e-01 -4.068732e-01 -6.225635e-01 -2.171695e-01 8.271749e-02 1.333955e-01 5.028523e-02 2.054104e-01 3.313004e-01 1.645018e-01 -8.803309e-03 1.915775e-02 -2.570306e-03 9.237685e-02 -1.836884e-02 -1.885338e-01
<VARIANCE> 39
 5.432703e+00 1.317096e+01 1.247795e+01 8.071499e+00 8.712848e+00 2.289003e+01 1.710389e+01 3.269935e+01 1.237437e+01 4.004466e+01 1.853712e+01 2.469438e+01 4.750000e+00 6.483972e-01 8.851349e-01 1.009647e+00 9.458238e-01 1.495228e+00 1.967571e+00 9.491680e-01 9.994795e-01 1.454528e+00 8.991748e-01 1.514966e+00 9.810452e-01 5.424067e-01 5.589541e-02 1.284412e-01 1.559373e-01 1.365627e-01 1.677710e-01 3.482444e-01 2.374590e-01 1.555116e-01 2.287776e-01 2.448002e-01 3.050776e-01 1.997537e-01 4.557588e-02
<GCONST> 8.285699e+01
~s "ST_sil_2_1"
<MEAN> 39
 -2.369576e+00 2.059571e-01 -2.790504e-01 -6.033013e-02 2.217429e-02 9.724540e-02 2.335641e-01 3.155568e-01 3.294620e-01 1.798008e-01 1.191006e-01 -1.845985e-02 6.745306e+00 -1.667360e-02 -5.727077e-03 6.419676e-03 8.273087e-04 6.320874e-03 1.708723e-02 -3.150922e-03 -6.561595e-03 -1.841124e-02 -1.698351e-02 2.371254e-04 7.723040e-03 -8.918948e-03 -2.926893e-01 3.341095e-02 -3.677179e-02 1.215580e-02 -1.295620e-02 3.444951e-02 2.416263e-02 5.776399e-02 4.874117e-02 4.186004e-02 1.145780e-02 4.593756e-03 3.024906e-01
<VARIANCE> 39
 4.343005e+01 5.417078e-01 8.572926e-01 3.069609e-01 2.086356e-01 3.442843e-01 9.663916e-01 1.422126e+00 1.404266e+00 1.141269e+00 5.812928e-01 2.238816e-01 3.508114e+02 2.079128e-02 1.315341e-02 2.384888e-02 3.962851e-02 4.180955e-02 3.278227e-02 3.055195e-02 5.998894e-02 5.432748e-02 4.004729e-02 1.561641e-02 3.721881e-02 1.980202e-02 3.505211e-01 1.355804e-02 1.712271e-02 1.668405e-02 1.819921e-02 1.944160e-02 2.296221e-02 2.843226e-02 3.123116e-02 2.919546e-02 2.317922e-02 1.328616e-02 4.041310e-01
<GCONST> -1.487036e+01
~s "silst"
<MEAN> 39
 -1.712207e+01 1.726255e+00 -1.966314e+00 3.586288e-01 4.259229e-02 1.804226e+00 2.599683e+00 3.266926e+00 2.987045e+00 1.898031e+00 7.440908e-01 -1.940243e-01 3.687127e+01 -1.794939e+00 1.608386e-01 -2.131751e-01 -2.783136e-02 3.967925e-02 1.598298e-01 3.104629e-01 3.532849e-01 3.192959e-01 1.487470e-01 5.192664e-02 -1.051584e-01 5.201141e+00 2.258432e-01 -3.305741e-02 1.888414e-02 -2.099437e-02 7.062179e-03 -2.676100e-02 -1.779648e-02 -3.075452e-02 -1.472669e-02 -2.215443e-02 -7.131213e-03 -1.240093e-03 -2.091683e-01
<VARIANCE> 39
 6.524933e+01 2.726679e+00 4.366074e+00 4.654891e+00 5.045604e+00 5.682166e+00 9.570791e+00 9.826508e+00 9.531687e+00 6.373729e+00 5.299409e+00 5.608466e+00 4.539458e+02 7.871287e+00 2.791515e-01 4.858383e-01 4.945114e-01 5.835559e-01 7.110283e-01 1.021757e+00 9.949849e-01 9.844390e-01 7.535244e-01 6.277007e-01 5.911778e-01 1.033262e+01 1.342145e+00 4.490127e-02 9.601323e-02 9.519116e-02 1.200098e-01 1.478944e-01 2.068876e-01 1.888768e-01 1.887241e-01 1.471439e-01 1.290670e-01 1.246012e-01 2.256629e+00
<GCONST> 7.925205e+01
~s "ST_sil_3_1"
<MEAN> 39
 -1.712207e+01 1.726255e+00 -1.966314e+00 3.586288e-01 4.259229e-02 1.804226e+00 2.599683e+00 3.266926e+00 2.987045e+00 1.898031e+00 7.440908e-01 -1.940243e-01 3.687127e+01 -1.794939e+00 1.608386e-01 -2.131751e-01 -2.783136e-02 3.967925e-02 1.598298e-01 3.104629e-01 3.532849e-01 3.192959e-01 1.487470e-01 5.192664e-02 -1.051584e-01 5.201141e+00 2.258432e-01 -3.305741e-02 1.888414e-02 -2.099437e-02 7.062179e-03 -2.676100e-02 -1.779648e-02 -3.075452e-02 -1.472669e-02 -2.215443e-02 -7.131213e-03 -1.240093e-03 -2.091683e-01
<VARIANCE> 39
 6.524933e+01 2.726679e+00 4.366074e+00 4.654891e+00 5.045604e+00 5.682166e+00 9.570791e+00 9.826508e+00 9.531687e+00 6.373729e+00 5.299409e+00 5.608466e+00 4.539458e+02 7.871287e+00 2.791515e-01 4.858383e-01 4.945114e-01 5.835559e-01 7.110283e-01 1.021757e+00 9.949849e-01 9.844390e-01 7.535244e-01 6.277007e-01 5.911778e-01 1.033262e+01 1.342145e+00 4.490127e-02 9.601323e-02 9.519116e-02 1.200098e-01 1.478944e-01 2.068876e-01 1.888768e-01 1.887241e-01 1.471439e-01 1.290670e-01 1.246012e-01 2.256629e+00
<GCONST> 7.925205e+01
~s "ST_sil_4_1"
<MEAN> 39
 -2.096358e+01 1.228453e+00 -3.254708e+00 -1.164539e+00 -3.769261e-01 1.518816e+00 3.939922e+00 4.700434e+00 4.624348e+00 2.226067e+00 9.385449e-01 -6.906201e-01 5.862571e+01 3.757217e-03 -8.474590e-03 -1.477099e-02 -1.555421e-02 -1.363698e-02 -1.287181e-02 -7.362704e-03 -6.871352e-03 -9.680950e-03 -4.672651e-03 -2.778736e-04 2.611117e-03 6.103217e-03 2.734334e-03 -1.965290e-04 4.990359e-04 1.540541e-03 1.606370e-03 -1.128607e-03 -1.232547e-03 -2.910122e-03 -5.191831e-03 7.241543e-04 3.610942e-03 1.150882e-03 8.023912e-04
<VARIANCE> 39
 1.142700e+00 1.641266e+00 3.350029e+00 4.889681e+00 5.190296e+00 5.758636e+00 7.208171e+00 9.244591e+00 8.637312e+00 7.177728e+00 6.445396e+00 6.633993e+00 1.447546e+00 1.015338e-01 1.549653e-01 2.912149e-01 4.434794e-01 5.177434e-01 5.886518e-01 7.247864e-01 9.731640e-01 9.613503e-01 7.877518e-01 6.914796e-01 6.816595e-01 3.374701e-02 2.022541e-02 3.230110e-02 5.693165e-02 8.754405e-02 1.059112e-01 1.226222e-01 1.466692e-01 1.987379e-01 2.010121e-01 1.665198e-01 1.445644e-01 1.399938e-01 6.626853e-03
<GCONST> 4.596846e+01
~s "ST_j_2_1"
<MEAN> 39
 -1.253142e+00 -1.900170e+00 -4.621323e+00 1.643417e+00 1.114519e+00 -4.660392e+00 -1.810591e+00 -3.900811e+00 -1.444473e+01 1.837210e+00 1.309543e+01 1.375975e+00 7.493708e+01 -4.204215e-01 3.946261e-01 1.595794e-01 2.024173e-01 2.875298e-01 6.301152e-01 3.393613e-01 -2.650350e-03 8.509995e-01 6.373326e-01 -6.478143e-02 -1.679098e-01 -4.549162e-01 -1.199998e-01 2.935437e-01 3.165647e-01 2.441246e-01 1.383996e-02 3.922786e-02 -1.192127e-01 -6.284296e-02 1.168457e-01 -2.390766e-01 -3.010502e-01 -9.695385e-02 -1.778431e-01
<VARIANCE> 39
 2.923221e+00 1.419845e+01 8.599127e+00 1.222915e+01 2.682455e+01 1.975044e+01 2.125192e+01 1.494317e+01 2.133041e+01 1.507837e+01 1.303270e+01 3.140989e+00 3.906738e+00 5.634934e-02 2.343970e-01 4.417463e-01 6.035946e-01 4.472102e-01 4.925437e-01 6.937179e-01 8.858213e-01 1.404848e+00 7.189543e-01 6.996081e-01 4.339235e-01 5.363613e-02 1.007238e-02 5.936585e-02 6.033731e-02 8.853376e-02 5.844564e-02 1.128831e-01 1.039774e-01 1.676919e-01 2.071755e-01 1.131630e-01 1.450031e-01 6.684927e-02 1.624272e-02
<GCONST> 5.694952e+01
~s "ST_j_3_1"
<MEAN> 39
 -3.344563e+00 1.570410e+00 -1.594882e+00 3.713217e+00 1.128641e+00 -1.838791e+00 -1.098095e+00 -5.285139e+00 -1.116309e+01 2.049246e+00 1.077587e+01 3.975974e-01 7.222363e+01 -9.888235e-01 2.256040e+00 1.784847e+00 1.598482e+00 9.739593e-01 1.169954e-01 -1.193317e+00 -1.165213e-01 2.200774e+00 -3.719706e-01 -2.506098e+00 -8.325133e-01 -1.604884e+00 -9.911226e-02 2.811464e-01 2.617207e-01 2.831320e-01 2.800568e-01 -3.690419e-01 -6.326466e-01 2.032163e-01 8.559092e-01 7.793604e-02 -7.138682e-01 -2.344220e-01 -1.815900e-01
<VARIANCE> 39
 2.014046e+00 1.350542e+01 4.903897e+00 1.210964e+01 2.064604e+01 1.135477e+01 1.445226e+01 1.330745e+01 1.105519e+01 9.992011e+00 7.560783e+00 3.941211e+00 4.411621e+00 2.256005e-01 6.381059e-01 8.183281e-01 8.953214e-01 1.056220e+00 8.785726e-01 2.875823e+00 7.446409e-01 3.085356e+00 6.943903e-01 2.417789e+00 5.605143e-01 1.891346e-01 2.061302e-02 1.304287e-01 7.085817e-02 1.013452e-01 1.084130e-01 8.344172e-02 1.793516e-01 9.129343e-02 2.272440e-01 1.353221e-01 2.103922e-01 6.593090e-02 4.991215e-02
<GCONST> 6.677242e+01
~s "ST_j_4_1"
<MEAN> 39
 -8.010695e+00 9.625870e+00 5.460894e+00 1.006531e+01 6.008121e+00 -3.529083e+00 -7.335665e+00 -2.619455e+00 2.403317e+00 3.131997e+00 -4.739366e-01 -3.239151e+00 6.593610e+01 -6.485181e-01 4.926327e-01 5.721042e-01 4.545116e-01 3.528180e-01 1.976055e-01 2.410417e-01 5.216779e-01 1.018434e+00 1.744388e-01 -5.008878e-01 3.453308e-02 -6.113625e-01 5.609560e-03 -2.350392e-01 -1.963987e-01 -2.316942e-01 -1.152846e-01 2.404724e-01 4.534383e-01 1.073475e-01 -3.231062e-01 -1.348861e-02 4.212102e-01 2.003201e-01 9.768080e-02
<VARIANCE> 39
 3.013893e+00 3.269547e+00 2.337282e+00 6.893089e+00 1.550054e+01 7.160537e+00 1.383126e+01 6.519953e+00 8.482447e+00 7.175415e+00 6.376165e+00 3.847033e+00 1.693359e+00 1.290521e-01 6.019611e-01 5.356237e-01 8.536007e-01 6.456825e-01 9.942554e-01 2.246040e+00 3.901994e-01 2.579294e+00 3.747245e-01 1.938065e+00 6.851687e-01 1.751947e-01 3.548454e-02 1.101425e-01 1.118368e-01 8.339769e-02 1.063304e-01 1.229967e-01 2.037608e-01 9.594283e-02 3.953924e-01 7.988428e-02 2.236516e-01 7.785131e-02 5.228575e-02
<GCONST> 5.943814e+01
~s "ST_w_2_1"
<MEAN> 39
 -8.124364e+00 1.245215e+01 7.229099e+00 5.767066e+00 3.055714e+00 1.532421e-01 -1.269795e+00 -2.083563e+00 -4.817573e+00 -3.990757e+00 2.160089e+00 4.646853e-01 6.562813e+01 -5.798215e-01 3.299997e-01 6.056293e-01 1.698724e-01 -2.955991e-01 -7.218036e-02 5.459102e-01 5.904851e-01 9.206408e-01 4.433394e-01 -3.321014e-01 -2.161307e-01 -4.629962e-01 2.934649e-01 -5.849702e-01 -3.163010e-01 6.428744e-02 8.072817e-02 -2.347844e-01 -2.492471e-01 -1.186165e-01 -5.030560e-01 -3.913182e-01 2.131907e-01 1.777883e-03 4.361029e-01
<VARIANCE> 39
 1.397798e+01 1.205023e+01 1.235386e+01 1.703903e+01 1.782779e+01 2.640071e+01 2.476313e+01 8.537711e+00 1.880143e+01 6.404850e+00 1.738457e+01 1.569342e+01 1.409180e+01 5.201540e-01 2.017385e+00 8.601222e-01 6.686246e-01 1.008344e+00 1.398760e+00 1.483452e+00 1.038507e+00 3.134730e+00 1.676187e+00 1.524571e+00 9.109765e-01 9.943527e-01 6.544270e-02 2.226453e-01 9.631512e-02 1.225154e-01 6.861069e-02 2.064118e-01 2.425096e-01 1.493847e-01 3.243757e-01 3.026545e-01 2.327302e-01 1.334652e-01 8.792193e-02
<GCONST> 8.449189e+01
~s "ST_w_3_1"
<MEAN> 39
 -4.067602e+00 9.877899e+00 7.550987e+00 3.723110e+00 -1.290962e+00 -4.817063e+00 -5.532004e+00 6.842724e-01 -5.995369e+00 -1.051177e+01 3.027293e+00 -2.565464e+00 6.995915e+01 6.730865e-01 -6.497493e-01 -5.384920e-01 -5.835769e-01 -6.517502e-01 -3.343886e-01 -2.586458e-01 -9.873535e-03 -3.703160e-01 -6.841248e-01 3.368712e-01 5.979900e-02 6.761406e-01 1.729083e-02 -7.053417e-02 -1.809811e-01 -7.902055e-02 5.407165e-03 1.514480e-01 1.406646e-01 -1.054577e-01 -4.563927e-02 1.553797e-01 5.453615e-02 1.036946e-01 -3.944955e-04
<VARIANCE> 39
 1.004561e+01 1.381173e+01 1.276767e+01 2.465206e+01 2.497375e+01 3.262537e+01 3.557075e+01 1.841330e+01 2.040542e+01 2.416985e+01 2.896372e+01 1.181845e+01 7.524414e+00 3.974082e-01 1.530614e+00 1.219412e+00 8.208323e-01 7.346771e-01 1.319602e+00 2.129711e+00 1.269835e+00 1.541524e+00 2.209116e+00 1.028505e+00 8.865645e-01 4.185991e-01 8.246827e-02 2.780833e-01 1.889739e-01 1.997445e-01 1.229527e-01 2.411562e-01 3.186269e-01 2.086430e-01 3.442356e-01 3.519365e-01 1.960383e-01 1.655648e-01 7.226336e-02
<GCONST> 8.888665e+01
~s "ST_w_4_1"
<MEAN> 39
 2.360832e-01 1.315139e+00 -2.468087e+00 2.457828e-01 -5.045563e+00 -6.496984e+00 -2.107394e+00 -3.584457e+00 -1.147479e+01 -6.176706e+00 9.171473e+00 1.953630e+00 7.501025e+01 -7.252066e-03 -4.174768e-01 -7.538837e-01 -5.060966e-02 2.841516e-01 3.911940e-01 7.095317e-01 -3.679974e-01 -2.678727e-01 9.804630e-01 5.979116e-02 1.659923e-01 1.815560e-02 -1.518819e-01 2.177165e-01 1.594368e-01 3.419673e-02 1.786521e-01 6.879438e-02 -8.408323e-02 9.711524e-02 2.052092e-01 4.695434e-02 -1.921707e-01 -1.586627e-01 -1.745160e-01
<VARIANCE> 39
 2.569838e+00 1.189286e+01 1.850310e+01 1.529671e+01 1.425927e+01 1.433944e+01 3.316457e+01 2.578512e+01 1.457433e+01 4.336306e+01 1.143755e+01 1.113088e+01 3.542480e+00 2.769757e-01 1.055232e+00 1.074371e+00 8.113838e-01 7.752153e-01 1.549384e+00 1.833710e+00 1.520364e+00 1.228784e+00 9.742036e-01 9.282290e-01 9.014761e-01 3.739700e-01 5.840933e-02 8.122168e-02 7.751168e-02 1.604934e-01 8.867934e-02 2.521909e-01 3.116548e-01 2.689485e-01 2.881057e-01 1.808320e-01 1.616840e-01 1.117880e-01 4.449866e-02
<GCONST> 7.813661e+01
~s "ST_m_2_1"
<MEAN> 39
 -2.076495e+01 1.462879e+00 -3.195990e+00 -1.144019e+00 -4.636074e-01 1.430606e+00 3.715078e+00 4.204378e+00 4.171340e+00 2.194049e+00 1.152142e+00 -6.021135e-02 5.869051e+01 -3.135085e-02 -2.057918e-02 -2.120391e-02 -2.818160e-02 -2.056282e-02 -6.080249e-03 7.542796e-03 -1.174374e-03 -1.027933e-02 4.696351e-03 5.773310e-03 -9.744767e-03 -1.530187e-02 2.012300e-02 2.249362e-02 3.057275e-02 2.843673e-02 4.011031e-02 3.807923e-02 7.397243e-03 -4.416871e-03 -2.453765e-03 1.436751e-02 1.968538e-02 2.098928e-02 1.135683e-02
<VARIANCE> 39
 1.344849e+00 1.463067e+00 2.793235e+00 4.458919e+00 4.569167e+00 5.844101e+00 8.058010e+00 1.008051e+01 9.724438e+00 7.388827e+00 6.458093e+00 6.553054e+00 1.457275e+00 9.797078e-02 1.472650e-01 2.494971e-01 4.362213e-01 4.514231e-01 5.353602e-01 7.249655e-01 8.804247e-01 9.220708e-01 8.476981e-01 6.700235e-01 6.814595e-01 2.894926e-02 2.003740e-02 3.527183e-02 5.997404e-02 9.590498e-02 9.777118e-02 1.173587e-01 1.535500e-01 1.792518e-01 1.973596e-01 1.854317e-01 1.440491e-01 1.430432e-01 5.561344e-03
<GCONST> 4.520107e+01
~s "ST_m_3_1"
<MEAN> 39
 -2.047568e+01 1.664398e+00 -2.827904e+00 -9.388351e-01 2.593874e-01 1.895748e+00 3.530889e+00 3.388345e+00 3.555483e+00 2.656090e+00 1.823641e+00 2.140818e-01 5.899916e+01 7.348352e-01 5.715410e-01 1.319927e+00 8.346930e-01 5.198200e-01 -5.957093e-02 -5.442947e-01 -6.016189e-01 -9.033774e-01 -2.814457e-01 2.752683e-01 -4.924950e-02 6.100417e-01 4.682444e-01 2.232938e-01 6.104663e-01 3.762088e-01 1.026264e-01 -1.624195e-01 -2.552934e-01 -3.319673e-01 -5.443940e-01 -3.104128e-01 2.211637e-03 -2.118489e-01 3.991241e-01
<VARIANCE> 39
 9.586792e-01 2.145198e+00 3.598848e+00 3.932343e+00 5.722317e+00 5.113355e+00 7.484010e+00 1.303469e+01 8.504078e+00 6.133687e+00 6.193458e+00 6.416625e+00 1.490479e+00 1.779939e+00 2.032013e+00 1.949788e+00 2.378648e+00 6.909835e-01 1.213240e+00 1.223978e+00 1.776075e+00 1.891018e+00 1.011029e+00 8.818281e-01 1.170668e+00 4.663640e-01 2.637457e-01 2.880520e-01 1.842425e-01 5.065404e-01 1.394655e-01 2.193175e-01 2.468371e-01 3.811586e-01 4.090945e-01 2.041777e-01 1.729152e-01 2.507908e-01 4.316078e-02
<GCONST> 7.481442e+01
~s "ST_m_4_1"
<MEAN> 39
 -1.851767e+01 2.493710e+00 7.130648e+00 -1.394440e-01 1.838902e+00 3.129124e+00 1.607712e-01 -3.013967e-01 -1.209424e+00 -1.299047e-02 3.398772e+00 -8.482590e-01 6.333727e+01 1.619002e+00 9.293169e-01 8.553448e-01 1.255541e+00 6.315372e-01 -5.662340e-01 -7.791056e-01 -1.269803e+00 -1.522003e+00 -6.311750e-01 1.737086e-01 -8.550575e-02 9.460322e-01 1.667726e-01 -1.523816e-01 -4.204098e-01 7.290797e-02 -4.018900e-03 -2.426066e-01 -1.086829e-01 -1.066988e-01 -1.312429e-01 4.494933e-02 1.016182e-01 -1.407622e-02 6.159826e-02
<VARIANCE> 39
 5.144443e+01 8.299940e+01 3.413330e+01 6.841611e+01 1.562564e+01 1.546271e+01 1.763749e+01 2.493707e+01 2.469592e+01 1.102042e+01 1.951034e+01 1.142741e+01 7.390625e+00 4.562525e+00 7.279345e+00 6.416821e+00 6.317677e+00 1.078571e+00 2.031523e+00 2.449643e+00 2.661376e+00 3.710389e+00 2.271784e+00 2.190521e+00 1.429165e+00 1.542994e+00 4.802236e-01 1.152244e+00 9.416252e-01 9.191717e-01 2.315498e-01 2.710923e-01 4.671766e-01 3.474738e-01 3.981737e-01 3.502783e-01 3.698611e-01 2.296239e-01 1.665087e-01
<GCONST> 1.143996e+02
~s "ST_sy_2_1"
<MEAN> 39
 -2.123754e+01 9.315946e-01 -3.443170e+00 -1.246596e+00 -1.747875e-01 1.569757e+00 3.335899e+00 3.987675e+00 4.351141e+00 2.089843e+00 8.452765e-01 -6.879344e-01 5.848163e+01 -5.442739e-02 -5.861134e-02 -2.413848e-02 -3.150325e-02 -3.566363e-02 -9.915860e-02 -9.312873e-02 -1.233746e-02 -6.204813e-03 1.731571e-03 -4.583231e-03 -5.018253e-02 -2.199981e-02 2.034454e-02 1.405770e-02 2.155233e-02 1.717889e-02 1.754993e-02 1.556373e-02 8.789738e-03 1.701899e-02 5.909613e-03 6.803623e-03 3.010582e-02 3.411884e-02 1.325827e-02
<VARIANCE> 39
 1.110962e+00 1.508032e+00 2.065558e+00 3.238760e+00 3.686815e+00 5.630335e+00 6.657287e+00 6.244788e+00 6.137236e+00 5.953061e+00 5.176830e+00 6.373906e+00 1.447546e+00 1.146742e-01 1.708463e-01 2.588364e-01 3.473975e-01 3.982685e-01 6.360186e-01 8.021998e-01 7.369077e-01 5.568811e-01 6.092523e-01 5.620895e-01 7.648122e-01 3.239679e-02 2.570586e-02 3.945789e-02 6.026258e-02 8.349808e-02 8.966297e-02 1.251215e-01 1.572604e-01 1.406043e-01 1.128737e-01 1.242593e-01 1.169947e-01 1.718804e-01 7.046974e-03
<GCONST> 4.110764e+01
~s "ST_sy_3_1"
<MEAN> 39
 -2.124645e+01 3.268143e-01 -3.758275e+00 -1.659923e+00 -3.687271e-02 7.665614e-01 3.364576e+00 6.078609e+00 5.531492e+00 2.463255e+00 2.303927e+00 7.130834e-01 5.873499e+01 2.243610e-02 6.581025e-02 3.530639e-01 3.084335e-01 2.524345e-01 2.907539e-01 -9.886488e-02 -7.885219e-01 -4.956130e-01 -4.539296e-03 2.373818e-01 2.918615e-01 -6.139450e-02 1.241619e-02 -4.425619e-01 3.218939e-01 -1.442667e-01 -1.585336e-01 1.454784e-01 -2.070000e-01 -5.291427e-01 -6.037101e-01 -7.911181e-02 8.878960e-02 -4.122262e-01 3.271808e-01
<VARIANCE> 39
 8.980408e-01 3.029721e+00 1.934091e+00 1.975821e+00 2.523506e+00 6.197603e+00 7.058094e+00 1.427369e+01 3.510859e+00 9.337088e+00 1.438642e+00 2.481750e+00 1.447546e+00 7.660192e-02 2.164676e-01 2.451018e-01 5.131534e-01 5.255079e-01 5.403405e-01 6.266442e-01 1.653441e+00 7.975194e-01 3.527075e-01 3.362308e-01 8.683710e-01 8.082721e-02 7.136962e-02 2.640997e-01 2.277646e-01 1.245031e-01 7.871653e-02 2.110073e-01 2.874913e-01 1.879835e-01 1.482535e-01 1.349116e-01 1.131465e-01 1.983664e-01 7.856239e-02
<GCONST> 4.930005e+01
~s "ST_sy_4_1"
<MEAN> 39
 -2.142359e+01 -6.537619e-01 -1.898381e+00 -1.042946e+00 -6.187085e-01 5.865468e-01 9.124172e-01 1.066220e+00 1.564712e+00 1.804117e+00 2.290697e+00 -1.394204e+00 5.923797e+01 -4.609914e-02 -2.249866e+00 1.846703e+00 -2.678539e-01 -1.911273e-01 3.730482e-01 -1.172837e+00 -1.002870e+00 -2.043830e+00 -6.317995e-01 1.308952e+00 -8.162049e-01 1.668435e+00 1.795467e-01 -4.352147e-01 5.812588e-01 -1.672397e-01 -9.385766e-02 -1.733840e-01 -2.289061e-01 2.632617e-01 -1.575992e-01 -7.130769e-02 4.519607e-01 1.423901e-02 6.377592e-01
<VARIANCE> 39
 2.763031e+00 6.117819e+00 1.228291e+01 6.538277e+00 3.015070e+00 4.780384e+00 1.262632e+01 4.340039e+00 1.054454e+01 6.614065e+00 1.048831e+01 5.932669e+00 1.447546e+00 2.079545e+00 2.401692e+00 3.951129e+00 9.954278e-01 8.759319e-01 2.440052e+00 4.106260e+00 8.488432e-01 1.063021e+00 7.782832e-01 1.513095e+00 8.339334e-01 8.376803e-01 4.716383e-01 5.441561e-01 3.413418e-01 1.298121e-01 5.261518e-02 1.406485e-01 2.220893e-01 1.600306e-01 1.863995e-01 1.156928e-01 1.562215e-01 1.053546e-01 5.542096e-02
<GCONST> 7.560336e+01
~s "ST_p_2_1"
<MEAN> 39
 -2.066101e+01 1.423589e+00 -3.195881e+00 -1.127615e+00 -2.197157e-01 1.670727e+00 3.871602e+00 4.700940e+00 4.920135e+00 2.645601e+00 1.288696e+00 -2.569059e-01 5.876904e+01 -1.004382e-01 -7.649776e-02 -2.131635e-02 -5.028852e-02 -1.014891e-01 -1.065311e-01 -8.423294e-02 -7.890736e-02 -9.301141e-02 -1.112689e-01 -1.154455e-01 -9.646424e-02 -4.760514e-02 5.261265e-02 5.215469e-02 5.392342e-02 4.676096e-02 6.035112e-02 4.790786e-02 2.600317e-02 1.097458e-02 -5.509481e-03 1.505626e-02 4.823143e-02 3.914924e-02 3.011664e-02
<VARIANCE> 39
 1.110748e+00 1.567120e+00 3.291714e+00 4.914017e+00 5.504387e+00 6.812285e+00 7.178071e+00 8.486927e+00 9.038723e+00 7.580693e+00 7.454560e+00 6.911548e+00 1.450928e+00 1.074689e-01 1.584558e-01 3.098079e-01 4.805274e-01 6.503191e-01 8.072429e-01 7.495493e-01 8.621383e-01 9.190545e-01 8.282637e-01 8.733519e-01 7.326649e-01 3.236739e-02 2.407939e-02 3.934844e-02 6.603883e-02 1.042257e-01 1.400066e-01 1.690713e-01 1.717120e-01 1.926652e-01 2.012930e-01 1.718679e-01 1.704385e-01 1.475522e-01 8.820229e-03
<GCONST> 4.921134e+01
~s "ST_p_3_1"
<MEAN> 39
 -2.112551e+01 1.236153e+00 -2.797077e+00 -1.077163e+00 -1.090459e-01 1.739929e+00 3.944612e+00 4.669561e+00 4.111820e+00 2.075092e+00 1.540601e+00 -3.161893e-02 5.864473e+01 8.121952e-02 7.925350e-02 1.195141e-01 9.750884e-02 1.748705e-01 9.425153e-02 -4.667645e-02 5.964983e-03 -3.101175e-01 -2.305287e-01 -7.009985e-02 -1.177866e-01 5.729883e-02 5.345619e-01 1.830030e-01 2.259804e-01 -8.593706e-02 1.054804e-01 -3.140792e-01 -2.849972e-01 -4.335910e-01 -6.051643e-01 -1.703522e-01 1.050727e-01 5.416749e-02 5.003752e-01
<VARIANCE> 39
 1.772003e+00 2.042488e+00 4.439607e+00 8.398739e+00 7.123018e+00 4.837416e+00 7.046464e+00 9.754173e+00 9.243212e+00 8.000474e+00 7.295740e+00 7.537487e+00 1.461426e+00 2.141443e-01 2.703351e-01 5.329030e-01 9.170660e-01 1.018457e+00 7.042390e-01 1.114304e+00 1.226324e+00 1.245103e+00 7.031000e-01 6.017197e-01 6.764051e-01 9.322296e-02 1.229019e-01 1.936098e-01 2.334663e-01 4.134205e-01 2.461376e-01 2.345310e-01 3.093103e-01 3.203527e-01 4.183746e-01 1.541530e-01 2.111129e-01 1.376609e-01 1.295975e-01
<GCONST> 6.648912e+01
~s "ST_p_4_1"
<MEAN> 39
 -2.040114e+01 1.920574e+00 -2.226227e+00 -6.422787e-01 2.355414e-01 1.474155e+00 3.369277e+00 4.132118e+00 3.740747e+00 2.090195e+00 1.222913e+00 -6.644340e-01 5.896406e+01 2.113658e+00 6.885884e-01 1.039372e+00 -3.287920e-01 6.075566e-01 -1.180859e+00 -1.234264e+00 -1.951305e+00 -2.810125e+00 -1.000389e+00 5.294257e-01 2.115944e-01 2.066481e+00 1.043641e+00 1.751802e-01 1.736539e-01 5.391714e-02 -1.066698e-01 -4.647807e-01 -2.275665e-01 -3.908659e-01 -8.682200e-01 -1.585240e-01 3.341343e-01 4.989823e-02 8.011317e-01
<VARIANCE> 39
 2.177612e+00 3.130906e+00 5.240400e+00 8.292672e+00 6.748631e+00 5.971012e+00 8.848179e+00 9.280701e+00 1.105575e+01 1.034638e+01 7.714665e+00 7.856922e+00 1.450439e+00 1.240457e+00 2.523630e+00 2.034501e+00 4.596611e+00 1.213264e+00 1.883356e+00 2.455297e+00 1.948131e+00 3.119034e+00 8.574966e-01 1.680586e+00 1.187687e+00 1.490880e+00 2.358093e-01 1.481952e-01 1.990172e-01 5.368012e-01 2.441045e-01 3.512017e-01 2.855461e-01 4.419774e-01 3.506929e-01 2.899679e-01 1.700152e-01 1.960454e-01 1.523520e-01
<GCONST> 8.484592e+01
~h "a"
<BEGINHMM>
<NUMSTATES> 5
<STATE> 2
~s "ST_a_2_1"
<STATE> 3
~s "ST_a_3_2"
<STATE> 4
~s "ST_a_4_1"
~t "T_a"
<ENDHMM>
~h "b"
<BEGINHMM>
<NUMSTATES> 5
<STATE> 2
~s "ST_b_2_1"
<STATE> 3
~s "ST_b_3_1"
<STATE> 4
~s "ST_b_4_1"
~t "T_b"
<ENDHMM>
~h "d"
<BEGINHMM>
<NUMSTATES> 5
<STATE> 2
~s "ST_d_2_1"
<STATE> 3
~s "ST_d_3_1"
<STATE> 4
~s "ST_d_4_1"
~t "T_d"
<ENDHMM>
~h "e"
<BEGINHMM>
<NUMSTATES> 5
<STATE> 2
~s "ST_e_2_1"
<STATE> 3
~s "ST_e_3_1"
<STATE> 4
~s "ST_e_4_1"
~t "T_e"
<ENDHMM>
~h "f"
<BEGINHMM>
<NUMSTATES> 5
<STATE> 2
~s "ST_f_2_1"
<STATE> 3
~s "ST_f_3_1"
<STATE> 4
~s "ST_f_4_1"
~t "T_f"
<ENDHMM>
~h "g"
<BEGINHMM>
<NUMSTATES> 5
<STATE> 2
~s "ST_g_2_1"
<STATE> 3
~s "ST_g_3_1"
<STATE> 4
~s "ST_g_4_1"
~t "T_g"
<ENDHMM>
~h "i"
<BEGINHMM>
<NUMSTATES> 5
<STATE> 2
~s "ST_i_2_1"
<STATE> 3
~s "ST_i_3_1"
<STATE> 4
~s "ST_i_4_1"
~t "T_i"
<ENDHMM>
~h "j"
<BEGINHMM>
<NUMSTATES> 5
<STATE> 2
~s "ST_j_2_1"
<STATE> 3
~s "ST_j_3_1"
<STATE> 4
~s "ST_j_4_1"
~t "T_j"
<ENDHMM>
~h "k"
<BEGINHMM>
<NUMSTATES> 5
<STATE> 2
~s "ST_k_2_1"
<STATE> 3
~s "ST_k_3_1"
<STATE> 4
~s "ST_k_4_1"
~t "T_k"
<ENDHMM>
~h "l"
<BEGINHMM>
<NUMSTATES> 5
<STATE> 2
~s "ST_l_2_1"
<STATE> 3
~s "ST_l_3_1"
<STATE> 4
~s "ST_l_4_1"
~t "T_l"
<ENDHMM>
~h "m"
<BEGINHMM>
<NUMSTATES> 5
<STATE> 2
~s "ST_m_2_1"
<STATE> 3
~s "ST_m_3_1"
<STATE> 4
~s "ST_m_4_1"
~t "T_m"
<ENDHMM>
~h "n"
<BEGINHMM>
<NUMSTATES> 5
<STATE> 2
~s "ST_n_2_1"
<STATE> 3
~s "ST_n_3_1"
<STATE> 4
~s "ST_n_4_1"
~t "T_n"
<ENDHMM>
~h "o"
<BEGINHMM>
<NUMSTATES> 5
<STATE> 2
~s "ST_o_2_1"
<STATE> 3
~s "ST_o_3_1"
<STATE> 4
~s "ST_o_4_1"
~t "T_o"
<ENDHMM>
~h "p"
<BEGINHMM>
<NUMSTATES> 5
<STATE> 2
~s "ST_p_2_1"
<STATE> 3
~s "ST_p_3_1"
<STATE> 4
~s "ST_p_4_1"
~t "T_p"
<ENDHMM>
~h "r"
<BEGINHMM>
<NUMSTATES> 5
<STATE> 2
~s "ST_r_2_1"
<STATE> 3
~s "ST_r_3_1"
<STATE> 4
~s "ST_r_4_1"
~t "T_r"
<ENDHMM>
~h "s"
<BEGINHMM>
<NUMSTATES> 5
<STATE> 2
~s "ST_s_2_1"
<STATE> 3
~s "ST_s_3_1"
<STATE> 4
~s "ST_s_4_1"
~t "T_s"
<ENDHMM>
~h "t"
<BEGINHMM>
<NUMSTATES> 5
<STATE> 2
~s "ST_t_2_1"
<STATE> 3
~s "ST_t_3_1"
<STATE> 4
~s "ST_t_4_1"
~t "T_t"
<ENDHMM>
~h "u"
<BEGINHMM>
<NUMSTATES> 5
<STATE> 2
~s "ST_u_2_1"
<STATE> 3
~s "ST_u_3_1"
<STATE> 4
~s "ST_u_4_1"
~t "T_u"
<ENDHMM>
~h "w"
<BEGINHMM>
<NUMSTATES> 5
<STATE> 2
~s "ST_w_2_1"
<STATE> 3
~s "ST_w_3_1"
<STATE> 4
~s "ST_w_4_1"
~t "T_w"
<ENDHMM>
~h "y"
<BEGINHMM>
<NUMSTATES> 5
<STATE> 2
~s "ST_y_2_1"
<STATE> 3
~s "ST_y_3_1"
<STATE> 4
~s "ST_y_4_1"
~t "T_y"
<ENDHMM>
~h "sp"
<BEGINHMM>
<NUMSTATES> 3
<STATE> 2
~s "ST_sil_3_1"
<TRANSP> 3
 0.000000e+00 2.132338e-02 9.786766e-01
 0.000000e+00 1.886400e-02 9.811360e-01
 0.000000e+00 0.000000e+00 0.000000e+00
<ENDHMM>
~h "sy"
<BEGINHMM>
<NUMSTATES> 5
<STATE> 2
~s "ST_sy_2_1"
<STATE> 3
~s "ST_sy_3_1"
<STATE> 4
~s "ST_sy_4_1"
~t "T_sy"
<ENDHMM>
~h "a-d+u"
<BEGINHMM>
<NUMSTATES> 5
<STATE> 2
~s "ST_d_2_2"
<STATE> 3
~s "ST_d_3_2"
<STATE> 4
~s "ST_d_4_1"
~t "T_d"
<ENDHMM>
~h "n-a+r"
<BEGINHMM>
<NUMSTATES> 5
<STATE> 2
~s "ST_a_2_1"
<STATE> 3
~s "ST_a_3_2"
<STATE> 4
~s "ST_a_4_2"
~t "T_a"
<ENDHMM>
~h "a-i+b"
<BEGINHMM>
<NUMSTATES> 5
<STATE> 2
~s "ST_i_2_1"
<STATE> 3
~s "ST_i_3_1"
<STATE> 4
~s "ST_i_4_2"
~t "T_i"
<ENDHMM>
~h "g-a+i"
<BEGINHMM>
<NUMSTATES> 5
<STATE> 2
~s "ST_a_2_1"
<STATE> 3
~s "ST_a_3_1"
<STATE> 4
~s "ST_a_4_4"
~t "T_a"
<ENDHMM>
~h "j-a+d"
<BEGINHMM>
<NUMSTATES> 5
<STATE> 2
~s "ST_a_2_1"
<STATE> 3
~s "ST_a_3_2"
<STATE> 4
~s "ST_a_4_3"
~t "T_a"
<ENDHMM>
~h "a+p"
<BEGINHMM>
<NUMSTATES> 5
<STATE> 2
~s "ST_a_2_3"
<STATE> 3
~s "ST_a_3_2"
<STATE> 4
~s "ST_a_4_1"
~t "T_a"
<ENDHMM>
~h "m-a+t"
<BEGINHMM>
<NUMSTATES> 5
<STATE> 2
~s "ST_a_2_1"
<STATE> 3
~s "ST_a_3_1"
<STATE> 4
~s "ST_a_4_1"
~t "T_a"
<ENDHMM>
~h "d-a"
<BEGINHMM>
<NUMSTATES> 5
<STATE> 2
~s "ST_a_2_1"
<STATE> 3
~s "ST_a_3_1"
<STATE> 4
~s "ST_a_4_2"
~t "T_a"
<ENDHMM>
~h "k-a"
<BEGINHMM>
<NUMSTATES> 5
<STATE> 2
~s "ST_a_2_1"
<STATE> 3
~s "ST_a_3_3"
<STATE> 4
~s "ST_a_4_4"
~t "T_a"
<ENDHMM>
~h "p-a"
<BEGINHMM>
<NUMSTATES> 5
<STATE> 2
~s "ST_a_2_2"
<STATE> 3
~s "ST_a_3_1"
<STATE> 4
~s "ST_a_4_1"
~t "T_a"
<ENDHMM>
~h "sil"
<BEGINHMM>
<NUMSTATES> 5
<STATE> 2
~s "ST_sil_2_1"
<STATE> 3
~s "ST_sil_3_1"
<STATE> 4
~s "ST_sil_4_1"
<TRANSP> 5
 0.000000e+00 1.000000e+00 0.000000e+00 0.000000e+00 0.000000e+00
 0.000000e+00 7.703381e-01 1.148365e-01 1.148254e-01 0.000000e+00
 0.000000e+00 0.000000e+00 9.112839e-01 8.871607e-02 0.000000e+00
 0.000000e+00 0.000000e+00 0.000000e+00 9.860276e-01 1.397236e-02
 0.000000e+00 0.000000e+00 0.000000e+00 0.000000e+00 0.000000e+00
<ENDHMM>
~h "p-a+n"
<BEGINHMM>
<NUMSTATES> 5
<STATE> 2
~s "ST_a_2_2"
<STATE> 3
~s "ST_a_3_2"
<STATE> 4
~s "ST_a_4_2"
~t "T_a"
<ENDHMM>
~h "i-s+t"
<BEGINHMM>
<NUMSTATES> 5
<STATE> 2
~s "ST_s_2_1"
<STATE> 3
~s "ST_s_3_1"
<STATE> 4
~s "ST_s_4_2"
~t "T_s"
<ENDHMM>
~h "y-a+p"
<BEGINHMM>
<NUMSTATES> 5
<STATE> 2
~s "ST_a_2_3"
<STATE> 3
~s "ST_a_3_1"
<STATE> 4
~s "ST_a_4_1"
~t "T_a"
<ENDHMM>
~h "k-a+p"
<BEGINHMM>
<NUMSTATES> 5
<STATE> 2
~s "ST_a_2_3"
<STATE> 3
~s "ST_a_3_3"
<STATE> 4
~s "ST_a_4_4"
~t "T_a"
<ENDHMM>
