~o
<STREAMINFO> 1 39
<VECSIZE> 39<NULLD><MFCC_D_A_0><DIAGC>
~s "silst"
<MEAN> 39
 -1.572951e+01 1.286880e+00 -2.140275e+00 -3.878843e-02 2.053899e-01 1.571228e+00 2.054965e+00 1.992793e+00 1.937775e+00 1.149738e+00 5.368941e-01 -2.260174e-01 3.622618e+01 -1.268976e+00 -7.298711e-03 -1.862994e-01 -9.135704e-02 1.365186e-02 8.353494e-02 1.851768e-01 1.504443e-01 1.814055e-01 6.878126e-02 5.349974e-02 -5.158923e-02 3.141450e+00 2.631406e-02 2.064286e-02 2.190962e-02 1.410830e-02 1.014275e-02 4.346508e-03 -1.253721e-02 -2.078472e-02 1.446794e-03 2.477188e-03 -9.440220e-03 -9.209836e-03 3.849424e-02
<VARIANCE> 39
 7.562171e+01 3.059016e+00 5.272118e+00 4.290493e+00 4.483015e+00 5.375382e+00 9.099146e+00 1.276323e+01 1.239622e+01 7.279111e+00 5.685572e+00 5.430057e+00 5.130931e+02 5.713400e+00 3.243504e-01 4.379024e-01 4.213416e-01 5.044008e-01 6.037471e-01 8.511110e-01 8.521445e-01 8.598900e-01 6.976559e-01 6.096343e-01 5.647663e-01 1.303532e+01 1.124705e+00 5.471524e-02 8.638073e-02 8.573835e-02 1.038256e-01 1.227166e-01 1.685153e-01 1.647377e-01 1.643811e-01 1.386427e-01 1.231316e-01 1.135800e-01 1.813315e+00
<GCONST> 7.765997e+01
~h "a"
<BEGINHMM>
<NUMSTATES> 5
<STATE> 2
<MEAN> 39
 -9.980361e+00 2.350735e+00 -1.585644e+00 -9.680816e-01 -8.799069e-01 -3.919774e-01 1.023028e+00 -2.392082e+00 -2.796931e+00 2.604098e-01 1.538892e+00 -8.526163e-01 6.523193e+01 -2.710978e-01 4.165582e-01 2.519810e-01 3.377697e-01 3.623063e-01 9.856626e-02 -1.485863e-01 2.142965e-01 2.750306e-01 -5.856328e-02 -8.189555e-02 -9.747989e-02 -4.476338e-01 1.003578e-01 -7.220493e-02 1.030315e-01 5.542096e-02 5.719424e-02 -1.494785e-02 -1.830052e-03 -1.521815e-01 -1.117780e-01 -8.377717e-02 -1.280284e-02 5.461030e-02 1.963125e-01
<VARIANCE> 39
 6.726184e+01 2.687100e+01 2.461437e+01 3.418543e+01 2.859571e+01 2.203234e+01 1.830121e+01 2.894855e+01 4.051406e+01 2.729218e+01 4.661860e+01 1.714425e+01 9.637096e+01 9.103829e-01 1.911353e+00 1.130148e+00 1.114493e+00 9.073051e-01 1.126800e+00 1.761155e+00 1.639339e+00 1.702531e+00 1.229508e+00 1.215208e+00 1.137758e+00 2.120464e+00 3.044826e-01 3.623290e-01 2.123368e-01 2.085726e-01 1.979138e-01 2.271086e-01 3.050032e-01 3.084073e-01 4.049309e-01 2.430685e-01 2.549505e-01 2.188530e-01 4.050211e-01
<GCONST> 1.036760e+02
<STATE> 3
<MEAN> 39
 -1.212586e+01 1.764562e+00 -1.503952e+00 -1.044618e+00 -1.395526e-01 -1.858479e-02 1.537349e+00 -2.100092e+00 -2.876409e+00 -2.111449e-01 1.185176e+00 -7.813302e-01 6.372667e+01 3.319704e-01 3.060022e-01 3.695540e-01 2.904726e-01 3.608070e-01 -7.972503e-02 -1.197157e-01 -3.041275e-01 -2.057674e-01 -2.550634e-01 -1.236958e-01 -1.284908e-01 3.660089e-01 2.628390e-01 -1.296511e-01 3.371017e-02 6.159082e-03 -7.761849e-02 -6.515061e-02 5.518723e-02 -1.481680e-01 -1.235862e-01 -1.658365e-02 -8.286933e-03 8.134934e-02 3.447574e-01
<VARIANCE> 39
 6.796012e+01 2.871467e+01 2.461314e+01 2.511119e+01 2.732450e+01 2.300386e+01 2.260216e+01 2.953265e+01 4.166263e+01 2.856930e+01 4.165631e+01 1.429897e+01 8.791055e+01 3.459630e+00 3.581436e+00 1.890066e+00 1.806278e+00 1.717122e+00 1.689466e+00 2.819849e+00 2.747866e+00 4.099330e+00 1.771813e+00 1.792753e+00 1.293413e+00 5.013895e+00 4.796187e-01 4.646987e-01 2.734922e-01 2.693291e-01 3.307237e-01 2.956784e-01 4.084134e-01 4.245660e-01 5.641495e-01 2.719312e-01 3.394938e-01 2.689115e-01 5.244779e-01
<GCONST> 1.147683e+02
<STATE> 4
<MEAN> 39
 -9.443648e+00 3.128479e+00 -2.124340e+00 -3.559073e-01 2.742696e-01 -3.967274e-01 2.942496e+00 -7.725172e-01 -2.923508e+00 2.232308e+00 3.834401e+00 3.476911e-01 6.639747e+01 -3.178440e-01 -1.375549e-01 8.970904e-02 1.147069e-01 3.347725e-02 1.848468e-01 1.281307e-01 1.979569e-01 4.247871e-01 -3.621999e-02 -8.620368e-02 1.964878e-01 -1.236194e-01 1.340337e-02 -1.881272e-01 -7.097761e-02 -6.552964e-02 -1.111162e-01 -8.053413e-02 1.490814e-03 -6.215956e-02 -9.417073e-02 9.359144e-03 -2.442009e-03 -1.848176e-02 9.731489e-02
<VARIANCE> 39
 5.580486e+01 2.811242e+01 2.140323e+01 2.389850e+01 2.821005e+01 3.877845e+01 3.066526e+01 2.965966e+01 5.045626e+01 2.973509e+01 3.318564e+01 1.277092e+01 6.264584e+01 5.661293e+00 3.061405e+00 1.908641e+00 1.557324e+00 1.805935e+00 2.473727e+00 2.740908e+00 2.747792e+00 4.618552e+00 1.541073e+00 1.902420e+00 1.304108e+00 5.023521e+00 4.122542e-01 4.144061e-01 2.750254e-01 2.349617e-01 2.626423e-01 3.642648e-01 4.022760e-01 3.794077e-01 4.546202e-01 2.796975e-01 2.844960e-01 2.268971e-01 3.597580e-01
<GCONST> 1.139686e+02
<TRANSP> 5
 0.000000e+00 1.000000e+00 0.000000e+00 0.000000e+00 0.000000e+00
 0.000000e+00 2.689009e-01 7.310991e-01 0.000000e+00 0.000000e+00
 0.000000e+00 0.000000e+00 1.315612e-01 8.684388e-01 0.000000e+00
 0.000000e+00 0.000000e+00 0.000000e+00 5.924420e-01 4.075580e-01
 0.000000e+00 0.000000e+00 0.000000e+00 0.000000e+00 0.000000e+00
<ENDHMM>
~h "b"
<BEGINHMM>
<NUMSTATES> 5
<STATE> 2
<MEAN> 39
 -8.618259e-01 -8.432097e+00 -1.703765e+00 -7.522996e+00 -4.810032e+00 -6.614920e-01 4.684769e+00 -6.383390e+00 5.838026e-01 -1.230643e+01 -5.088320e+00 9.307519e+00 8.198400e+01 8.606372e-04 -1.804894e-01 8.692013e-03 -1.012632e-01 -2.213638e-01 -6.760778e-02 1.238655e-01 -2.222628e-01 -1.243931e-01 2.211715e-01 1.594888e-01 1.083139e-02 7.279231e-02 -7.131379e-03 1.537400e-02 1.781540e-02 9.079467e-02 5.209332e-02 1.578768e-02 -2.664101e-02 -5.242373e-02 -5.534091e-02 -1.462063e-02 -6.274787e-02 -9.324042e-02 -1.797535e-02
<VARIANCE> 39
 8.898323e+00 3.294817e+01 1.356993e+01 4.897217e+01 3.219859e+01 1.893015e+01 9.721064e+00 2.131629e+01 1.411398e+01 1.489760e+01 3.858846e+01 4.649691e+01 2.495053e+01 2.234497e-01 1.235891e+00 7.949237e-01 3.100839e+00 1.232884e+00 1.692613e+00 8.121810e-01 1.231547e+00 1.199656e+00 8.284540e-01 3.980983e+00 4.204107e+00 6.604640e-01 3.509685e-02 1.401517e-01 1.384815e-01 3.259284e-01 1.536341e-01 3.218229e-01 1.364643e-01 1.624438e-01 2.359620e-01 1.776196e-01 5.327853e-01 5.170652e-01 8.146819e-02
<GCONST> 9.221128e+01
<STATE> 3
<MEAN> 39
 -1.359795e+01 5.858269e+00 3.045653e+00 4.310440e+00 4.200774e+00 3.674574e+00 3.930083e+00 5.129384e-01 5.506362e-01 -1.151550e+00 -1.786287e+00 -2.658844e+00 6.131694e+01 -8.851652e-01 -9.289134e-01 -8.743197e-01 -7.946869e-01 -7.362242e-01 -3.473619e-01 1.074064e-02 2.879799e-01 2.960880e-01 2.861744e-01 1.086990e-01 1.165096e-02 -5.418385e-01 5.734926e-02 3.831256e-04 -7.628801e-02 -7.160679e-02 -6.503191e-02 -5.657637e-02 -1.373660e-01 -1.685443e-01 -1.690136e-01 -1.330255e-01 4.077639e-02 8.748943e-02 2.260664e-02
<VARIANCE> 39
 2.937996e+01 2.990347e+01 1.519140e+01 1.939461e+01 2.839626e+01 1.305810e+01 1.277751e+01 3.584301e+01 2.157091e+01 1.468602e+01 1.485485e+01 9.939372e+00 3.622566e+01 4.322464e-01 7.211844e-01 1.031495e+00 1.082871e+00 9.563000e-01 1.001458e+00 1.446118e+00 2.069846e+00 1.767316e+00 9.202722e-01 1.373017e+00 7.617568e-01 3.129956e-01 7.765956e-02 1.716745e-01 2.032525e-01 1.852912e-01 1.752623e-01 1.952969e-01 2.811936e-01 3.353796e-01 2.582556e-01 2.030370e-01 2.787875e-01 1.778457e-01 4.392888e-02
<GCONST> 8.748425e+01
<STATE> 4
<MEAN> 39
 -1.982883e+01 7.565048e-01 -3.614800e+00 -1.629026e+00 -7.465514e-01 1.477877e+00 2.940234e+00 2.189245e+00 1.822268e+00 3.948494e-01 9.642981e-02 3.051263e-02 5.671958e+01 -2.134965e-02 -1.933418e-02 -3.274579e-02 -1.230936e-02 -1.892339e-02 -1.283575e-02 -8.602811e-02 -5.489463e-02 -4.088014e-02 -1.932679e-02 1.867462e-02 5.624464e-02 -4.236881e-02 2.132573e-02 9.905994e-03 4.536390e-02 3.187050e-02 4.864839e-02 2.095707e-02 1.584441e-02 2.525184e-02 6.227599e-03 -2.436676e-03 2.194188e-02 -7.925437e-03 2.819341e-02
<VARIANCE> 39
 1.166798e+01 5.272892e+00 6.867031e+00 5.929501e+00 8.596622e+00 1.005208e+01 7.874169e+00 1.985719e+01 1.671791e+01 1.207476e+01 1.046307e+01 7.356875e+00 3.466834e+01 1.416382e-01 2.267580e-01 3.431314e-01 5.287707e-01 6.091347e-01 7.519274e-01 8.796014e-01 9.492249e-01 1.128170e+00 1.055368e+00 8.377792e-01 8.399693e-01 8.754789e-02 3.293898e-02 6.568145e-02 9.193145e-02 1.208663e-01 1.438103e-01 1.560452e-01 1.856666e-01 1.961394e-01 2.332651e-01 2.228457e-01 1.780585e-01 1.834794e-01 1.920003e-02
<GCONST> 6.541621e+01
<TRANSP> 5
 0.000000e+00 1.000000e+00 0.000000e+00 0.000000e+00 0.000000e+00
 0.000000e+00 9.367913e-01 6.320870e-02 0.000000e+00 0.000000e+00
 0.000000e+00 0.000000e+00 8.204847e-01 1.795153e-01 0.000000e+00
 0.000000e+00 0.000000e+00 0.000000e+00 9.289156e-01 7.108449e-02
 0.000000e+00 0.000000e+00 0.000000e+00 0.000000e+00 0.000000e+00
<ENDHMM>
~h "d"
<BEGINHMM>
<NUMSTATES> 5
<STATE> 2
<MEAN> 39
 -8.257528e+00 5.280313e+00 6.206511e+00 7.729318e+00 7.224585e+00 -6.265575e-01 -5.321457e+00 -5.493473e+00 -5.748670e+00 -3.096532e+00 2.486005e+00 -2.034154e+00 6.859806e+01 5.498887e-01 -7.005141e-01 5.362157e-01 9.505957e-01 6.721828e-01 -7.243279e-01 -1.407402e+00 -4.449102e-01 -7.906786e-01 -4.888914e-01 4.558068e-01 -4.229344e-01 8.613672e-01 3.219825e-02 -3.178802e-02 -1.155520e-01 -2.821914e-02 -4.218753e-02 -5.107279e-02 2.246049e-03 8.382757e-02 -1.061575e-01 -7.921074e-02 5.379754e-02 4.828379e-02 -2.666558e-02
<VARIANCE> 39
 2.657662e+01 6.072868e+01 3.186004e+01 5.170461e+01 4.503148e+01 2.293508e+01 6.105841e+01 3.869667e+01 4.844587e+01 2.751277e+01 3.404081e+01 1.991357e+01 4.735504e+01 1.694725e+00 5.925877e+00 2.690727e+00 3.529773e+00 2.897296e+00 2.809687e+00 4.468842e+00 3.832680e+00 5.291263e+00 2.437064e+00 2.593916e+00 1.668966e+00 2.352275e+00 2.179594e-01 9.223791e-01 3.778438e-01 5.105557e-01 4.531671e-01 4.999835e-01 8.592055e-01 6.987745e-01 7.465958e-01 3.984671e-01 4.407390e-01 2.836747e-01 3.615924e-01
<GCONST> 1.235695e+02
<STATE> 3
<MEAN> 39
 -5.014187e+00 2.651475e+00 5.186101e+00 8.903091e+00 5.931593e+00 -5.293767e+00 -8.481768e+00 -4.926319e+00 -9.258534e+00 -2.720663e+00 5.330384e+00 -3.751675e+00 7.182609e+01 -1.687562e-01 2.036462e-01 -1.268395e-01 -1.708296e-01 -1.665677e-01 1.839421e-01 3.816522e-01 7.431011e-02 1.474164e-01 2.709180e-01 2.907539e-02 9.128825e-02 -3.420261e-01 -6.362034e-02 2.480478e-02 -1.682567e-02 -7.751030e-02 -2.504395e-02 1.037345e-01 1.138709e-01 1.773292e-02 1.046104e-01 7.338483e-02 -3.458277e-02 2.618297e-02 -5.603324e-02
<VARIANCE> 39
 1.184005e+01 3.468521e+01 4.464640e+01 6.859257e+01 2.966464e+01 1.860153e+01 3.156356e+01 3.240993e+01 5.134585e+01 4.790052e+01 7.716885e+01 1.995233e+01 2.289947e+01 3.137941e-01 1.358970e+00 1.246566e+00 1.625874e+00 9.020268e-01 1.219647e+00 1.584122e+00 1.367383e+00 2.727955e+00 1.140384e+00 2.378621e+00 1.084135e+00 7.345698e-01 4.641111e-02 1.836052e-01 1.896583e-01 2.634299e-01 1.709184e-01 2.227218e-01 2.988258e-01 2.480491e-01 4.453678e-01 2.273821e-01 3.625484e-01 1.873790e-01 6.800388e-02
<GCONST> 9.844057e+01
<STATE> 4
<MEAN> 39
 -1.616781e+01 3.478438e+00 -2.905976e-01 1.385962e+00 1.520240e+00 1.906894e+00 2.244194e+00 1.254263e+00 2.220513e+00 1.726744e+00 1.309272e+00 2.248491e-02 6.049069e+01 -5.395420e-01 -1.777281e-01 -2.162565e-01 -2.315434e-01 -7.852809e-02 2.772818e-01 3.677590e-01 3.658569e-01 3.067371e-01 4.595122e-02 -8.353049e-02 7.975440e-02 -4.802951e-01 2.847379e-02 -3.802432e-02 1.251420e-02 1.150966e-02 9.456752e-03 -2.353220e-02 -9.786278e-03 -3.227738e-02 -5.057457e-02 -3.082815e-02 -8.569979e-04 -6.546163e-03 7.677302e-02
<VARIANCE> 39
 3.068025e+01 1.995392e+01 1.982207e+01 2.938320e+01 2.160249e+01 1.479729e+01 1.979566e+01 3.875190e+01 3.252577e+01 1.704650e+01 1.467641e+01 1.090956e+01 2.773884e+01 5.135562e-01 5.885494e-01 7.151130e-01 8.505781e-01 8.815899e-01 1.317216e+00 1.256487e+00 1.127757e+00 1.541857e+00 9.461120e-01 8.944758e-01 7.340193e-01 5.222590e-01 5.053231e-02 1.224528e-01 1.290975e-01 1.370164e-01 1.664502e-01 2.411814e-01 2.210505e-01 2.048231e-01 2.524318e-01 1.799967e-01 1.483845e-01 1.479340e-01 4.863211e-02
<GCONST> 8.433562e+01
<TRANSP> 5
 0.000000e+00 1.000000e+00 0.000000e+00 0.000000e+00 0.000000e+00
 0.000000e+00 7.605144e-01 2.394856e-01 0.000000e+00 0.000000e+00
 0.000000e+00 0.000000e+00 8.898200e-01 1.101800e-01 0.000000e+00
 0.000000e+00 0.000000e+00 0.000000e+00 8.187608e-01 1.812392e-01
 0.000000e+00 0.000000e+00 0.000000e+00 0.000000e+00 0.000000e+00
<ENDHMM>
~h "e"
<BEGINHMM>
<NUMSTATES> 5
<STATE> 2
<MEAN> 39
 -9.139229e+00 1.591512e-01 -1.372862e-02 -3.598938e-01 -3.113267e-01 -8.261319e-01 1.172834e+00 -6.891191e+00 -5.640437e+00 -1.445974e+00 6.708340e-01 -6.311859e-01 6.983772e+01 1.659262e+00 -4.718440e-02 2.837608e-01 4.647607e-01 -2.518469e-03 -6.720749e-01 -7.160535e-02 -1.090143e+00 -1.165405e+00 2.760069e-01 3.171907e-02 2.040460e-01 1.829329e+00 4.218983e-02 -2.335607e-01 -6.134347e-02 -3.430775e-02 -5.269230e-02 -1.553966e-01 -3.660990e-02 -8.928853e-02 -1.190708e-02 8.867542e-02 1.401771e-01 1.056663e-01 1.186598e-01
<VARIANCE> 39
 5.856437e+01 4.587958e+01 3.040891e+01 4.625300e+01 4.496062e+01 2.692470e+01 3.025672e+01 6.742313e+01 6.032839e+01 4.140180e+01 4.986843e+01 1.539361e+01 8.808251e+01 3.045968e+00 4.625159e+00 3.486271e+00 5.181507e+00 3.074984e+00 2.609276e+00 3.260785e+00 2.898864e+00 3.579411e+00 3.455448e+00 3.453737e+00 1.416090e+00 5.475502e+00 8.042428e-01 6.107765e-01 4.905266e-01 7.599846e-01 5.368943e-01 5.302489e-01 4.888901e-01 5.454915e-01 5.833316e-01 5.894905e-01 5.558682e-01 2.542602e-01 1.062087e+00
<GCONST> 1.289176e+02
<STATE> 3
<MEAN> 39
 -1.656159e+00 -7.404918e+00 -1.676572e+00 -3.925579e+00 -2.126451e+00 -2.318788e+00 2.045572e+00 -1.505995e+01 -7.116134e+00 1.263693e+00 -6.211249e-01 1.760367e+00 8.040280e+01 -1.664726e-02 5.058110e-03 1.981473e-01 6.799587e-01 4.243132e-01 -2.732873e-05 -5.366809e-01 -2.517889e-01 2.047662e-02 -3.578681e-01 1.323927e-01 -2.963524e-03 -1.027998e-01 -1.887686e-01 1.750857e-01 1.050810e-01 8.545322e-02 1.712678e-02 9.179614e-02 -2.132894e-02 1.769051e-01 1.312727e-01 -1.251354e-01 -1.054465e-01 -1.652603e-01 -2.082747e-01
<VARIANCE> 39
 1.199714e+01 3.810315e+01 2.931376e+01 8.394648e+01 4.713010e+01 2.020350e+01 6.255846e+01 4.697672e+01 4.487348e+01 3.971093e+01 5.641028e+01 1.847845e+01 2.558973e+01 8.255985e-01 2.251581e+00 1.448829e+00 2.881408e+00 1.092723e+00 2.070602e+00 2.882118e+00 1.848977e+00 2.053087e+00 1.797990e+00 2.349687e+00 2.106696e+00 1.045708e+00 8.899319e-02 3.235197e-01 2.141299e-01 2.813278e-01 1.421044e-01 3.037060e-01 3.124404e-01 2.634306e-01 2.280854e-01 2.838828e-01 4.586441e-01 3.559644e-01 1.273966e-01
<GCONST> 1.070133e+02
<STATE> 4
<MEAN> 39
 -5.402010e+00 -1.155132e-01 2.158050e+00 8.994156e+00 5.898296e+00 -3.498506e+00 -5.310510e+00 -1.165930e+01 -1.373345e+01 -2.157808e+00 6.116639e+00 -1.406840e+00 7.259316e+01 -6.987499e-01 6.247533e-01 1.497115e-01 9.745518e-03 6.593503e-02 3.562112e-01 2.847506e-01 8.134314e-01 1.130714e+00 1.398062e-01 -6.488099e-01 -2.845606e-01 -8.815575e-01 -2.157380e-01 -8.373879e-03 -1.087547e-02 -3.288128e-01 -1.482890e-01 1.267634e-01 1.599579e-01 2.946830e-01 5.197322e-01 1.856547e-01 -1.480982e-01 4.232778e-02 -1.577451e-01
<VARIANCE> 39
 1.850002e+01 3.815498e+01 2.311121e+01 5.103095e+01 1.864414e+01 4.595753e+01 3.060278e+01 5.167720e+01 7.005887e+01 3.152358e+01 6.186338e+01 2.119217e+01 1.973034e+01 2.578843e+00 4.153512e+00 2.023631e+00 4.835852e+00 1.713549e+00 5.081802e+00 3.465281e+00 3.967295e+00 7.757624e+00 1.855145e+00 3.740431e+00 2.060798e+00 3.363575e+00 2.278599e-01 5.546693e-01 3.103227e-01 6.016356e-01 2.106825e-01 6.992790e-01 4.555269e-01 6.840164e-01 6.940754e-01 3.304625e-01 4.646016e-01 3.103256e-01 2.599042e-01
<GCONST> 1.210644e+02
<TRANSP> 5
 0.000000e+00 1.000000e+00 0.000000e+00 0.000000e+00 0.000000e+00
 0.000000e+00 5.553312e-01 4.446687e-01 0.000000e+00 0.000000e+00
 0.000000e+00 0.000000e+00 7.338507e-01 2.661493e-01 0.000000e+00
 0.000000e+00 0.000000e+00 0.000000e+00 7.109631e-01 2.890369e-01
 0.000000e+00 0.000000e+00 0.000000e+00 0.000000e+00 0.000000e+00
<ENDHMM>
~h "f"
<BEGINHMM>
<NUMSTATES> 5
<STATE> 2
<MEAN> 39
 -8.730924e+00 -8.333115e+00 1.459587e+01 1.754033e+01 1.230038e+01 -5.035269e+00 -1.407302e+01 -1.279467e+01 -5.456967e+00 -9.102126e+00 -5.357806e+00 -1.090698e+01 7.778608e+01 -1.177780e-01 2.223340e-01 9.866290e-02 -2.929762e-01 -3.566331e-02 2.957076e-01 -6.749670e-02 3.114115e-02 2.439997e-01 2.175371e-01 -1.070048e-01 -1.299300e-01 -1.869822e-01 -1.777288e-02 2.279054e-01 -2.368898e-01 -2.046817e-01 -1.905290e-01 1.738289e-01 4.164010e-01 1.666894e-01 1.728865e-01 7.029618e-02 9.736571e-03 1.961450e-01 -1.944187e-01
<VARIANCE> 39
 3.732067e+00 1.917486e+01 1.764169e+01 1.206505e+01 1.399568e+01 3.508333e+00 8.447121e+00 7.655272e+00 3.178230e+00 1.443399e+01 2.484773e+01 7.954682e+00 7.993330e+00 1.484528e-01 1.049631e+00 3.599155e+00 8.263056e-01 1.314669e+00 6.548426e-01 1.936111e+00 7.047517e-01 3.226266e+00 4.742779e-01 3.382635e+00 1.401978e+00 5.676868e-01 4.747199e-02 2.642481e-01 3.182724e-01 1.879856e-01 3.712426e-01 1.645387e-01 4.700264e-01 1.361267e-01 3.352256e-01 1.327623e-01 4.430012e-01 9.332517e-02 1.546725e-01
<GCONST> 8.046628e+01
<STATE> 3
<MEAN> 39
 -7.981321e+00 2.933993e-02 4.953695e+00 5.352284e+00 7.322785e+00 4.022493e+00 -3.806127e+00 -5.800346e+00 2.007291e+00 -2.304291e+00 -4.215067e+00 -3.673574e+00 7.229765e+01 -7.486035e-01 1.309384e-01 -1.210301e-01 -1.575304e+00 -9.942535e-01 8.164274e-01 1.743691e+00 9.942927e-01 5.903479e-01 1.646051e-01 -1.701264e-01 8.776830e-01 -4.727617e-01 -3.857675e-01 -3.966819e-01 1.218065e-01 -1.792361e-01 1.202936e-01 -1.894716e-01 -4.502658e-02 -1.694946e-01 -5.497034e-01 -2.792370e-01 4.720573e-01 1.768505e-02 1.556674e-01
<VARIANCE> 39
 3.438533e+00 2.471072e+01 7.776004e+00 2.515493e+01 9.411691e+00 2.185491e+01 4.098630e+01 2.502328e+01 7.987963e+00 2.960682e+01 1.781598e+01 9.797015e+00 9.830651e+00 1.661686e+00 1.772425e+00 1.392676e+00 2.559549e+00 2.611384e+00 2.045583e+00 1.691302e+00 1.602845e+00 2.961859e+00 2.024236e+00 2.698624e+00 1.067980e+00 1.040797e+00 2.538237e-01 4.036681e-01 2.246061e-01 5.701910e-01 5.564331e-01 2.209295e-01 4.260052e-01 2.826746e-01 4.370167e-01 2.886334e-01 6.258490e-01 2.617782e-01 2.358569e-01
<GCONST> 1.006121e+02
<STATE> 4
<MEAN> 39
 -1.967390e+01 -4.040794e+00 4.359544e+00 -7.479538e+00 3.865463e+00 3.915732e+00 6.989207e-01 -6.125645e+00 -5.845380e-01 -4.602150e+00 1.357399e+00 4.977817e-01 7.211481e+01 4.241889e-01 -1.985745e-01 -3.254876e-01 -5.492377e-01 -8.224274e-01 -7.090234e-01 3.763273e-02 -3.124219e-02 -1.023450e-01 -3.960382e-01 -7.133493e-02 3.672160e-03 5.043037e-01 9.548643e-01 3.298102e-01 -1.187050e-01 5.340082e-01 -2.785096e-01 -4.289418e-01 -2.328506e-01 8.437270e-04 -1.731170e-02 2.003694e-01 -2.703174e-01 -2.290537e-01 1.391964e-01
<VARIANCE> 39
 3.281370e+01 2.658962e+01 1.620187e+01 1.881333e+01 3.382648e+01 1.334718e+01 2.377606e+01 2.366946e+01 9.304681e+00 2.111579e+01 1.583513e+01 1.493729e+01 1.339801e+01 1.545650e+01 6.231957e+00 1.822095e+00 6.498334e+00 2.836449e+00 4.002724e+00 1.704319e+00 2.897102e+00 1.356081e+00 2.983375e+00 1.776455e+00 1.441195e+00 1.813923e+00 1.015530e+00 1.004294e+00 3.700801e-01 6.684626e-01 4.228248e-01 6.096741e-01 3.705778e-01 5.168428e-01 2.909009e-01 4.160399e-01 3.068634e-01 1.957464e-01 4.866909e-01
<GCONST> 1.139247e+02
<TRANSP> 5
 0.000000e+00 1.000000e+00 0.000000e+00 0.000000e+00 0.000000e+00
 0.000000e+00 8.867999e-01 1.132001e-01 0.000000e+00 0.000000e+00
 0.000000e+00 0.000000e+00 8.486189e-01 1.513812e-01 0.000000e+00
 0.000000e+00 0.000000e+00 0.000000e+00 8.830952e-01 1.169048e-01
 0.000000e+00 0.000000e+00 0.000000e+00 0.000000e+00 0.000000e+00
<ENDHMM>
~h "g"
<BEGINHMM>
<NUMSTATES> 5
<STATE> 2
<MEAN> 39
 -1.209922e+00 -4.825943e+00 1.288404e-01 -7.175784e+00 -4.511231e+00 -3.946972e+00 2.087359e+00 -6.119497e+00 2.033642e-01 -1.134269e+01 -7.157054e+00 6.245698e+00 8.105503e+01 3.432431e-02 -9.459590e-02 -4.304473e-02 -5.668383e-02 -1.113432e-01 -1.243583e-01 1.187591e-01 -6.022073e-02 -7.699265e-02 9.477497e-02 5.296207e-02 9.378485e-02 6.288511e-02 -1.092784e-02 2.141759e-03 1.086542e-02 5.833957e-02 5.485089e-02 5.422194e-02 -2.471732e-02 -3.051191e-02 2.338513e-02 1.765480e-02 -8.250540e-03 -3.271057e-02 -1.586084e-02
<VARIANCE> 39
 6.185269e+00 5.306503e+01 1.757259e+01 3.330868e+01 2.823873e+01 6.593463e+01 3.447176e+01 1.859632e+01 2.162677e+01 1.922425e+01 3.238316e+01 4.817604e+01 1.483057e+01 3.507653e-01 1.804982e+00 1.405846e+00 2.441106e+00 1.133358e+00 3.180124e+00 1.982506e+00 1.014821e+00 1.832792e+00 1.280722e+00 2.452713e+00 2.640414e+00 7.651263e-01 7.035174e-02 1.402923e-01 1.965263e-01 3.341473e-01 1.647962e-01 4.390154e-01 2.713889e-01 1.645143e-01 3.450778e-01 2.251724e-01 3.548678e-01 3.577263e-01 1.014458e-01
<GCONST> 9.914194e+01
<STATE> 3
<MEAN> 39
 -1.489365e+00 -3.871025e+00 6.010681e-03 -2.348773e+00 -6.723104e+00 -2.552961e+00 1.731318e+00 -6.304471e+00 5.283586e-01 -5.263247e+00 -6.662061e+00 1.728790e+00 7.878246e+01 -2.583446e-01 1.422626e-01 4.082145e-02 4.861807e-01 8.548918e-01 4.901212e-01 -4.589271e-01 -8.656728e-02 3.706370e-01 2.861656e-01 -2.869745e-01 -2.949255e-01 -3.122576e-01 -4.999712e-02 1.870487e-01 9.079500e-02 8.212437e-02 1.125361e-01 -8.185091e-02 -9.964683e-02 7.652646e-02 -2.369755e-02 -8.872981e-02 -5.933425e-02 -1.554173e-01 -1.203280e-01
<VARIANCE> 39
 1.318036e+01 1.406619e+01 2.718887e+01 1.641427e+01 1.826542e+01 1.518020e+01 2.282335e+01 3.008838e+01 1.104534e+02 3.422551e+01 1.649292e+02 1.014823e+01 1.749775e+01 9.822027e-02 9.766601e-01 7.321974e-01 7.651125e-01 7.759440e-01 1.264989e+00 1.446046e+00 1.177652e+00 1.365140e+00 1.707523e+00 1.508023e+00 9.042305e-01 3.614385e-01 2.335114e-02 9.769414e-02 1.044533e-01 1.214571e-01 1.254227e-01 1.410977e-01 1.410104e-01 2.234601e-01 2.289940e-01 2.632537e-01 2.947330e-01 1.534190e-01 5.109261e-02
<GCONST> 8.458783e+01
<STATE> 4
<MEAN> 39
 -5.057040e+00 -3.032458e+00 3.790651e+00 4.876914e+00 6.051173e+00 -2.562597e+00 -4.240371e+00 -1.175116e+01 -1.062524e+01 -5.324033e+00 2.180247e+00 -2.336649e+00 7.483591e+01 5.548209e-03 2.137980e-01 3.847469e-02 3.367813e-01 4.140331e-01 -1.031989e-02 -1.729595e-01 -2.829172e-02 -4.351649e-01 -7.685680e-02 3.222532e-01 -1.777936e-01 -1.778731e-01 -1.952010e-02 2.955785e-03 -1.155742e-02 -3.593194e-02 -8.783436e-02 8.073152e-03 7.592952e-02 7.415406e-02 4.448398e-02 5.798767e-03 -2.434795e-02 2.805788e-02 -2.647402e-02
<VARIANCE> 39
 1.848688e+01 6.509119e+01 2.499677e+01 3.628147e+01 2.382264e+01 3.112732e+01 4.763041e+01 4.983185e+01 9.031003e+01 2.567673e+01 6.318516e+01 1.980774e+01 6.210489e+01 1.101188e+00 3.666703e+00 1.785134e+00 2.237220e+00 1.874266e+00 2.001071e+00 3.292980e+00 2.467797e+00 4.011425e+00 2.007857e+00 2.593017e+00 1.577283e+00 3.268036e+00 1.118757e-01 5.431368e-01 3.056439e-01 3.827909e-01 3.178910e-01 3.770582e-01 5.699314e-01 3.205398e-01 5.323867e-01 3.748755e-01 3.785026e-01 2.601266e-01 3.967631e-01
<GCONST> 1.162253e+02
<TRANSP> 5
 0.000000e+00 1.000000e+00 0.000000e+00 0.000000e+00 0.000000e+00
 0.000000e+00 9.558519e-01 4.414818e-02 0.000000e+00 0.000000e+00
 0.000000e+00 0.000000e+00 8.930194e-01 1.069805e-01 0.000000e+00
 0.000000e+00 0.000000e+00 0.000000e+00 9.406254e-01 5.937466e-02
 0.000000e+00 0.000000e+00 0.000000e+00 0.000000e+00 0.000000e+00
<ENDHMM>
~h "i"
<BEGINHMM>
<NUMSTATES> 5
<STATE> 2
<MEAN> 39
 -3.667449e+00 -2.011620e+00 1.085775e-01 1.660778e+00 -2.704802e-01 -3.824247e+00 3.076497e-01 -1.008813e+01 -9.952565e+00 8.086737e-02 3.860143e+00 -5.805976e-01 7.486071e+01 -4.453930e-01 8.792359e-01 4.258785e-02 -3.377765e-01 -1.672568e-01 6.902021e-01 6.205979e-01 5.166708e-01 9.641705e-01 2.778228e-01 -5.322424e-01 8.935721e-02 -7.237642e-01 -3.214301e-01 4.922133e-02 4.843506e-02 -3.837401e-02 6.131256e-02 1.443253e-01 8.919065e-02 2.786978e-01 3.491081e-01 -2.177201e-03 -1.216003e-01 6.487694e-02 -3.218862e-01
<VARIANCE> 39
 2.687091e+01 5.960616e+01 3.774762e+01 8.078313e+01 6.542985e+01 3.248999e+01 1.133922e+02 4.281624e+01 6.085863e+01 4.823906e+01 7.852353e+01 2.293516e+01 7.175130e+01 2.388556e+00 2.381984e+00 1.624214e+00 2.842008e+00 1.732879e+00 2.004898e+00 3.193507e+00 1.782050e+00 3.370373e+00 1.898222e+00 2.367067e+00 1.502645e+00 3.677294e+00 2.054018e-01 2.724348e-01 1.979212e-01 2.677568e-01 2.044195e-01 2.447358e-01 4.412687e-01 2.093405e-01 3.358546e-01 2.655813e-01 2.765147e-01 2.169622e-01 2.706631e-01
<GCONST> 1.159267e+02
<STATE> 3
<MEAN> 39
 -1.200548e+01 5.401436e+00 3.914090e+00 5.706045e+00 5.399263e+00 3.241242e+00 7.324839e-01 -2.169783e+00 1.488229e-01 1.144457e+00 1.174668e+00 -8.998425e-01 6.470343e+01 -1.370650e+00 -1.779764e-01 -6.305984e-01 -7.394116e-01 -1.249405e-01 8.028355e-01 1.164693e+00 1.339492e+00 1.572978e+00 6.058334e-01 -1.829521e-01 5.198587e-01 -1.182347e+00 1.060991e-01 -3.746103e-01 -2.526026e-01 -1.637875e-01 -2.176656e-01 -3.851479e-01 -1.452477e-01 -1.330946e-01 -3.707707e-01 -5.612329e-02 2.201994e-01 -5.205540e-03 1.984060e-01
<VARIANCE> 39
 2.474673e+01 3.375167e+01 2.085100e+01 2.911565e+01 1.983691e+01 2.874023e+01 3.896912e+01 5.308587e+01 3.455718e+01 2.780403e+01 3.192130e+01 2.109059e+01 3.832405e+01 1.382771e+00 1.351748e+00 2.305279e+00 2.685109e+00 1.628799e+00 1.819209e+00 2.281901e+00 1.417080e+00 3.411176e+00 1.427096e+00 1.566768e+00 1.081602e+00 8.805836e-01 1.335479e-01 1.857022e-01 2.482835e-01 2.606428e-01 2.256108e-01 3.445938e-01 4.352367e-01 3.043084e-01 4.410754e-01 2.156337e-01 2.838145e-01 2.004859e-01 9.659515e-02
<GCONST> 1.039444e+02
<STATE> 4
<MEAN> 39
 -1.946695e+01 1.497262e+00 -2.459844e+00 -6.840681e-01 5.095091e-01 1.875838e+00 3.498377e+00 3.038606e+00 3.524657e+00 1.983998e+00 1.234336e+00 -7.847661e-02 5.928961e+01 -1.979064e-01 -1.922651e-01 -2.140998e-01 -2.647099e-01 -2.805113e-01 -2.020467e-01 -5.590045e-02 -2.080035e-02 -4.254252e-02 -3.912503e-02 -5.883044e-02 -4.627026e-02 -1.300800e-01 7.822803e-02 4.354648e-02 9.394401e-02 7.272808e-02 4.213884e-02 7.731710e-04 -2.017369e-02 -5.173504e-02 -7.428634e-02 -2.648305e-02 1.001210e-02 -1.449303e-02 6.755038e-02
<VARIANCE> 39
 1.486754e+01 6.450470e+00 7.731317e+00 8.371714e+00 9.452374e+00 1.043284e+01 1.236613e+01 2.679230e+01 1.910184e+01 1.173725e+01 1.133124e+01 8.207853e+00 2.015673e+01 2.816935e-01 3.672499e-01 6.096439e-01 9.181524e-01 8.836830e-01 8.610430e-01 1.098929e+00 1.041427e+00 1.021201e+00 1.007871e+00 7.552925e-01 8.166907e-01 1.724657e-01 5.326255e-02 7.419248e-02 9.940773e-02 1.434815e-01 1.513104e-01 1.740120e-01 2.057719e-01 2.231788e-01 2.578731e-01 2.260279e-01 1.537439e-01 1.606717e-01 3.246444e-02
<GCONST> 7.208223e+01
<TRANSP> 5
 0.000000e+00 1.000000e+00 0.000000e+00 0.000000e+00 0.000000e+00
 0.000000e+00 5.815597e-01 4.184402e-01 0.000000e+00 0.000000e+00
 0.000000e+00 0.000000e+00 6.684464e-01 3.315536e-01 0.000000e+00
 0.000000e+00 0.000000e+00 0.000000e+00 8.693982e-01 1.306018e-01
 0.000000e+00 0.000000e+00 0.000000e+00 0.000000e+00 0.000000e+00
<ENDHMM>
~h "j"
<BEGINHMM>
<NUMSTATES> 5
<STATE> 2
<MEAN> 39
 -4.904357e+00 2.752923e+00 -4.671412e+00 -5.795060e+00 -3.483147e+00 -2.807001e+00 2.480306e+00 -5.664730e+00 -4.284259e+00 5.028248e-01 -6.056112e-01 -2.734528e+00 6.883952e+01 -1.088201e+00 8.911905e-01 1.186420e-01 5.743945e-01 5.382489e-01 5.481458e-01 -1.033663e+00 7.701181e-01 4.916449e-01 -6.129001e-01 8.600832e-01 5.304651e-01 -1.863241e+00 -4.961686e-02 -2.818089e-01 1.903625e-01 -7.053595e-02 -1.969847e-02 -9.747449e-02 2.098374e-01 -1.903953e-01 -9.157553e-02 7.152284e-02 -8.804274e-02 9.803636e-02 2.527762e-01
<VARIANCE> 39
 3.113467e+01 1.306557e+01 4.324897e+00 1.358638e+01 1.123814e+01 1.456456e+01 2.379167e+01 2.122871e+01 1.890931e+01 1.923972e+01 4.442776e+01 1.413423e+01 7.775006e+01 4.945221e-01 1.523000e+00 2.694997e-01 4.371937e-01 6.283754e-01 1.070963e+00 2.428429e+00 1.646104e+00 1.148309e+00 2.776939e+00 9.777202e-01 1.233181e+00 1.442287e+00 1.176836e-01 2.028575e-01 7.861815e-02 1.544176e-01 2.060325e-01 1.901483e-01 4.122107e-01 2.499142e-01 1.889799e-01 4.207662e-01 3.136971e-01 2.777088e-01 5.319170e-01
<GCONST> 9.079228e+01
<STATE> 3
<MEAN> 39
 -1.267702e+01 1.851930e-01 -1.968102e+00 -2.283343e+00 -1.447088e+00 2.792965e-01 6.395410e-01 -5.774312e+00 -3.956670e+00 1.648058e-01 2.941313e+00 3.567908e-01 6.221877e+01 6.602421e-01 -1.697628e+00 1.188084e+00 -9.657919e-01 -1.122160e+00 1.200830e-01 1.619633e+00 -1.102161e+00 -8.391693e-01 -9.895189e-01 -1.162392e+00 -1.606144e-01 3.961900e+00 6.413440e-01 -3.497592e-01 1.565746e-01 -4.826975e-01 -4.109964e-01 -2.983766e-01 5.086066e-01 4.763336e-02 -2.221937e-01 -1.915624e-01 -6.305839e-01 -8.781988e-02 1.228271e+00
<VARIANCE> 39
 4.811840e+01 1.360996e+01 1.777258e+01 1.300354e+01 1.490675e+01 1.663556e+01 2.018453e+01 2.443814e+01 2.502125e+01 1.795603e+01 3.905487e+01 8.045744e+00 9.209803e+01 3.111710e+00 3.903241e+00 9.849894e-01 5.261647e+00 3.050125e+00 1.875557e+00 4.889931e+00 2.223837e+00 2.444052e+00 4.273213e+00 5.580371e+00 9.804457e-01 1.531663e+01 4.764110e-01 4.425783e-01 4.317842e-01 5.657915e-01 3.672752e-01 4.072621e-01 7.253399e-01 4.771370e-01 4.196878e-01 6.728594e-01 6.562899e-01 2.869375e-01 1.624941e+00
<GCONST> 1.183713e+02
<STATE> 4
<MEAN> 39
 -2.489517e+00 -9.316466e+00 9.403213e-01 -1.234177e+01 -6.883489e+00 -1.655006e+00 1.187558e+01 -1.277273e+01 -7.576232e+00 2.573315e+00 -6.847980e+00 1.156006e+00 8.339843e+01 6.417862e-01 3.197428e-01 1.508473e-01 1.469018e-01 1.695044e-01 2.312884e-02 -6.319062e-02 -3.409829e-01 2.545189e-01 2.956494e-01 -3.415376e-01 1.865436e-02 4.047626e-01 -2.605285e-01 4.015238e-01 -2.412405e-02 3.918528e-01 1.934902e-01 1.112093e-01 -4.048783e-01 1.604358e-01 2.979353e-01 -6.202773e-02 7.798397e-02 -3.886238e-02 -6.945284e-01
<VARIANCE> 39
 2.635334e+01 3.084700e+01 9.442332e+00 2.789002e+01 2.459052e+01 1.482304e+01 3.841324e+01 3.350830e+01 1.789169e+01 7.529311e+01 4.851472e+01 2.365383e+01 1.394823e+01 2.746384e+00 3.436829e+00 1.504695e+00 3.081916e+00 1.764963e+00 1.832723e+00 3.480541e+00 3.245953e+00 1.991673e+00 8.061189e+00 2.761633e+00 1.249258e+00 6.277750e+00 2.784341e-01 3.131955e-01 2.668399e-01 3.366477e-01 3.352707e-01 3.400114e-01 3.241505e-01 5.057764e-01 3.138695e-01 1.489680e+00 5.366811e-01 1.876642e-01 5.175291e-01
<GCONST> 1.145820e+02
<TRANSP> 5
 0.000000e+00 1.000000e+00 0.000000e+00 0.000000e+00 0.000000e+00
 0.000000e+00 6.973776e-01 3.026223e-01 0.000000e+00 0.000000e+00
 0.000000e+00 0.000000e+00 5.328729e-01 4.671272e-01 0.000000e+00
 0.000000e+00 0.000000e+00 0.000000e+00 8.564422e-01 1.435579e-01
 0.000000e+00 0.000000e+00 0.000000e+00 0.000000e+00 0.000000e+00
<ENDHMM>
~h "k"
<BEGINHMM>
<NUMSTATES> 5
<STATE> 2
<MEAN> 39
 -1.422396e+01 -7.001978e-01 -1.302004e+00 -3.289147e+00 -5.330260e-01 8.077056e-01 2.711659e+00 -3.403836e+00 -4.302362e+00 -1.754870e-01 3.466646e+00 -3.099814e-01 6.631644e+01 1.507148e+00 -3.448169e-01 -1.311107e-01 -6.071513e-01 -9.493988e-01 -5.885844e-01 2.551433e-01 -5.100738e-01 -1.276191e+00 2.930629e-02 5.919607e-01 1.106410e-01 1.544547e+00 2.597216e-01 -6.495501e-02 -7.605866e-02 1.312461e-01 -4.650706e-02 -1.131814e-01 -2.864979e-02 -1.162638e-01 -8.990607e-02 1.136668e-01 -2.699270e-02 -3.877535e-02 1.562637e-01
<VARIANCE> 39
 5.396777e+01 2.304735e+01 1.701386e+01 3.911489e+01 4.343536e+01 2.160094e+01 3.378205e+01 5.370887e+01 7.503551e+01 3.224210e+01 3.869827e+01 2.047641e+01 6.862418e+01 4.681334e+00 2.325473e+00 2.062307e+00 5.882161e+00 4.284098e+00 2.044184e+00 3.474914e+00 4.807309e+00 7.413471e+00 3.347716e+00 3.526185e+00 2.128517e+00 4.791017e+00 5.030097e-01 4.627419e-01 4.892567e-01 1.237698e+00 8.273581e-01 4.265569e-01 6.190979e-01 7.737663e-01 1.274520e+00 6.052293e-01 5.256521e-01 4.397717e-01 8.350753e-01
<GCONST> 1.293677e+02
<STATE> 3
<MEAN> 39
 -1.608788e+00 -5.974139e+00 -3.344628e+00 -7.239849e+00 -6.970003e+00 -3.061484e+00 6.584011e+00 -1.075431e+01 -7.471315e+00 3.352312e+00 -8.918144e-01 -3.056001e-01 7.895910e+01 1.471924e-02 9.464973e-02 -1.860295e-01 3.273129e-02 -1.336562e-01 -1.224202e-01 1.441795e-01 4.168396e-01 3.273886e-01 -1.953291e-02 -1.455536e-01 -2.544717e-01 -1.950366e-01 -3.763929e-01 2.471685e-01 1.562583e-01 1.371146e-01 2.345710e-01 1.037418e-01 -1.807538e-01 1.393584e-01 1.369902e-01 -2.295578e-01 -2.416391e-04 -5.011085e-03 -3.850004e-01
<VARIANCE> 39
 3.030227e+01 2.503503e+01 9.884507e+00 2.291037e+01 2.376612e+01 2.210379e+01 4.145376e+01 3.992505e+01 5.395334e+01 2.171303e+01 1.035991e+02 2.846823e+01 6.897008e+01 9.423564e-01 1.599562e+00 8.672011e-01 1.620692e+00 1.493392e+00 1.180826e+00 1.527274e+00 1.233294e+00 1.510521e+00 1.976792e+00 1.504014e+00 9.820719e-01 1.375240e+00 2.479887e-01 1.860937e-01 1.412260e-01 2.407979e-01 2.640789e-01 2.206560e-01 2.603513e-01 2.542449e-01 3.986854e-01 2.321504e-01 3.601368e-01 1.988890e-01 1.663925e-01
<GCONST> 1.016251e+02
<STATE> 4
<MEAN> 39
 -4.523144e+00 3.194753e-01 -4.017591e+00 -1.947953e+00 -3.124164e+00 -2.667154e+00 2.201790e+00 -4.584977e+00 -9.374458e+00 2.744692e+00 7.484830e+00 -2.787434e-01 7.113966e+01 -4.175681e-01 6.057518e-01 2.224868e-01 3.400688e-01 3.106382e-01 1.717390e-01 -3.887786e-03 3.574508e-01 6.136649e-01 1.656275e-01 -3.178966e-01 -2.140496e-01 -7.157671e-01 -1.185895e-01 1.624599e-01 1.579794e-01 6.319357e-02 1.592503e-01 4.760009e-02 -1.264054e-01 -2.495721e-02 1.523146e-01 -2.336769e-02 -8.521359e-02 2.396973e-02 -1.249586e-01
<VARIANCE> 39
 4.909125e+01 1.368513e+01 1.252259e+01 1.532213e+01 1.634429e+01 1.749419e+01 2.054408e+01 2.138022e+01 4.900067e+01 1.810519e+01 4.647553e+01 1.360464e+01 6.092424e+01 5.802948e-01 1.325081e+00 7.901604e-01 1.233699e+00 1.327989e+00 1.224389e+00 1.704072e+00 1.346793e+00 1.375692e+00 9.498879e-01 1.026932e+00 1.074564e+00 1.005245e+00 1.273190e-01 1.876675e-01 1.441431e-01 1.989184e-01 1.509782e-01 2.171850e-01 2.306865e-01 2.367650e-01 2.571934e-01 1.543249e-01 1.980742e-01 1.388587e-01 1.370576e-01
<GCONST> 9.151335e+01
<TRANSP> 5
 0.000000e+00 1.000000e+00 0.000000e+00 0.000000e+00 0.000000e+00
 0.000000e+00 7.966933e-01 2.033067e-01 0.000000e+00 0.000000e+00
 0.000000e+00 0.000000e+00 7.095423e-01 2.904577e-01 0.000000e+00
 0.000000e+00 0.000000e+00 0.000000e+00 6.489329e-01 3.510671e-01
 0.000000e+00 0.000000e+00 0.000000e+00 0.000000e+00 0.000000e+00
<ENDHMM>
~h "l"
<BEGINHMM>
<NUMSTATES> 5
<STATE> 2
<MEAN> 39
 -8.484475e+00 -6.723781e+00 1.293855e+01 1.174206e+01 6.545081e+00 -5.186340e+00 -6.777716e+00 -9.437674e+00 -4.442913e+00 -8.530931e+00 -1.854192e+00 -5.276851e+00 7.697023e+01 4.568034e-01 1.673054e-01 -2.912378e-02 -3.099045e-01 2.564978e-01 -6.856663e-02 -5.281588e-01 3.178099e-02 -3.127915e-01 -7.218341e-01 -1.688235e-01 -5.831555e-02 4.106187e-01 8.882563e-02 3.957083e-01 -1.923812e-01 -2.019679e-01 -5.921467e-02 1.582590e-01 1.601952e-01 1.010829e-01 1.676693e-02 6.646088e-02 -2.843970e-04 8.623224e-02 -2.454729e-01
<VARIANCE> 39
 2.623055e+01 5.749940e+01 7.868068e+01 6.030040e+01 3.548073e+01 3.867325e+01 6.584692e+01 5.130151e+01 3.480188e+01 3.074015e+01 3.601805e+01 2.152416e+01 2.261829e+01 1.661819e+00 6.520948e+00 6.292505e+00 4.012291e+00 2.804084e+00 3.064093e+00 4.685340e+00 2.457515e+00 2.059765e+00 2.218363e+00 2.897067e+00 1.559227e+00 2.103296e+00 2.315071e-01 7.200131e-01 7.311451e-01 5.567852e-01 4.766952e-01 3.571584e-01 6.332377e-01 3.519775e-01 4.349605e-01 3.668942e-01 4.861908e-01 2.509763e-01 2.109459e-01
<GCONST> 1.220771e+02
<STATE> 3
<MEAN> 39
 -3.001978e+00 -3.028211e+00 2.901241e+00 -1.994971e+00 -4.279280e+00 -3.303324e+00 4.898977e+00 -7.522554e+00 -3.656552e+00 -5.784407e+00 -6.389828e+00 -2.383250e-02 7.840559e+01 2.613103e-03 -2.631456e-02 -2.316691e-02 -1.279846e-01 -3.952623e-01 -7.311674e-02 3.085927e-01 -1.747444e-02 2.991407e-03 2.108158e-01 -1.137297e-02 7.203329e-02 -5.290503e-03 -5.965935e-02 -2.121229e-02 1.521344e-02 6.979623e-02 1.233979e-01 2.651810e-02 -1.161582e-01 -5.527302e-02 2.715969e-02 1.469207e-02 6.870777e-02 -1.107709e-02 -4.953558e-02
<VARIANCE> 39
 4.372466e+00 3.856388e+01 1.402384e+01 3.253741e+01 8.308899e+01 2.953212e+01 7.018550e+01 3.297000e+01 2.126610e+01 4.301037e+01 4.844356e+01 3.568490e+01 1.546179e+01 2.272289e-01 1.721186e+00 8.107270e-01 1.486072e+00 2.215295e+00 1.526127e+00 2.373018e+00 1.574495e+00 1.076800e+00 1.752868e+00 2.351507e+00 1.409371e+00 8.058339e-01 2.795465e-02 2.274023e-01 1.302152e-01 1.967573e-01 1.716945e-01 2.614589e-01 2.763581e-01 2.103809e-01 1.987240e-01 2.635203e-01 3.244813e-01 2.153764e-01 9.031652e-02
<GCONST> 9.620776e+01
<STATE> 4
<MEAN> 39
 -4.008866e+00 3.565951e+00 2.758026e+00 6.261145e+00 3.980178e+00 -4.689805e+00 -6.334528e+00 -5.501108e+00 -1.098280e+01 -3.647195e+00 7.822799e+00 -1.010065e+00 7.186158e+01 -2.057521e-02 -4.248146e-02 -3.750850e-01 -3.515090e-01 -6.990874e-02 2.266745e-01 1.054354e-01 -1.038050e-01 8.880939e-02 2.393691e-01 1.889447e-01 1.647152e-01 -1.273913e-01 -3.349927e-02 -4.297901e-02 -1.437264e-02 -1.928362e-02 -3.363940e-02 6.748772e-02 8.505926e-02 -3.525688e-02 8.128304e-03 2.105631e-02 -4.126707e-02 2.543593e-02 -1.535062e-02
<VARIANCE> 39
 1.121075e+01 4.165949e+01 2.331092e+01 3.940645e+01 3.969635e+01 2.517947e+01 4.669289e+01 4.081824e+01 6.985708e+01 5.446482e+01 6.399937e+01 1.550500e+01 1.938954e+01 3.179376e-01 1.440075e+00 9.930005e-01 1.389908e+00 1.461280e+00 1.665379e+00 2.556200e+00 1.400861e+00 1.983319e+00 1.389986e+00 2.136027e+00 1.044932e+00 7.897240e-01 2.534305e-02 2.274351e-01 1.484051e-01 2.346476e-01 2.189717e-01 2.666230e-01 4.084909e-01 2.428329e-01 3.291019e-01 2.615475e-01 3.200780e-01 1.951291e-01 6.515258e-02
<GCONST> 9.888028e+01
<TRANSP> 5
 0.000000e+00 1.000000e+00 0.000000e+00 0.000000e+00 0.000000e+00
 0.000000e+00 8.128498e-01 1.871503e-01 0.000000e+00 0.000000e+00
 0.000000e+00 0.000000e+00 8.960426e-01 1.039574e-01 0.000000e+00
 0.000000e+00 0.000000e+00 0.000000e+00 8.745248e-01 1.254752e-01
 0.000000e+00 0.000000e+00 0.000000e+00 0.000000e+00 0.000000e+00
<ENDHMM>
~h "m"
<BEGINHMM>
<NUMSTATES> 5
<STATE> 2
<MEAN> 39
 -1.346873e+01 3.169564e+00 -1.149613e+00 -6.630098e-01 -1.059560e-01 1.621279e+00 3.684546e+00 1.836908e-01 9.078935e-01 2.381577e-01 -3.729297e-01 -1.266608e+00 6.108274e+01 -8.413364e-01 -2.909858e-01 -5.885268e-01 -6.014052e-01 -2.659264e-01 -2.533740e-01 -2.071794e-01 3.929829e-01 1.184456e-01 1.229134e-01 3.068036e-01 4.054498e-01 -9.247275e-01 1.266088e-02 -5.444451e-02 1.736825e-02 2.964905e-02 3.625425e-03 -2.409452e-02 -1.241997e-01 -2.817207e-01 -1.733075e-01 -5.638213e-03 -4.793826e-02 -9.028473e-02 6.361768e-02
<VARIANCE> 39
 3.386562e+01 7.290119e+00 2.120082e+01 2.899479e+01 3.056449e+01 2.674528e+01 9.268500e+00 1.886246e+01 1.984244e+01 1.363703e+01 1.214134e+01 8.703590e+00 4.251324e+01 6.829020e-01 7.833524e-01 8.389122e-01 1.219488e+00 1.350461e+00 1.157926e+00 1.151263e+00 1.573043e+00 1.426167e+00 1.085847e+00 1.071636e+00 7.924294e-01 6.874416e-01 7.367389e-02 9.315088e-02 1.214009e-01 1.326747e-01 1.617152e-01 2.171070e-01 1.934410e-01 2.135725e-01 2.057088e-01 2.189569e-01 2.107391e-01 1.781685e-01 4.335116e-02
<GCONST> 8.465855e+01
<STATE> 3
<MEAN> 39
 -1.648027e+01 1.811937e+00 -1.938802e+00 -7.327166e-01 2.765728e-01 1.620365e+00 2.219319e+00 -5.947499e-01 -6.305926e-01 -2.608593e-01 2.644339e-01 -2.905518e-01 5.787528e+01 -4.610147e-01 -1.522913e-01 -4.194622e-01 -1.314381e-01 7.586917e-02 1.181673e-03 -2.905681e-01 1.645752e-01 3.085423e-03 7.173684e-02 3.721324e-02 7.666261e-02 -6.245024e-01 2.122148e-01 9.667338e-02 1.946137e-01 1.917073e-01 1.549401e-01 1.182739e-01 1.722508e-02 -9.338735e-02 -1.778607e-02 2.155466e-02 -4.365056e-03 -7.055962e-02 2.163986e-01
<VARIANCE> 39
 2.982773e+01 4.255843e+00 1.452670e+01 1.075727e+01 1.004062e+01 1.542280e+01 1.128222e+01 2.167322e+01 2.437920e+01 1.359337e+01 1.686869e+01 7.373293e+00 5.870687e+01 6.307484e-01 4.228129e-01 5.808119e-01 6.683072e-01 8.403670e-01 8.731880e-01 7.685600e-01 1.184848e+00 1.249247e+00 1.039099e+00 9.310057e-01 7.755497e-01 7.463630e-01 7.225318e-02 1.083782e-01 1.228730e-01 1.962338e-01 1.475439e-01 1.496664e-01 1.277879e-01 2.934205e-01 3.049748e-01 2.104045e-01 1.632206e-01 1.435102e-01 7.948579e-02
<GCONST> 7.908134e+01
<STATE> 4
<MEAN> 39
 -1.646484e+01 1.839775e+00 -2.355556e+00 -1.575193e+00 2.884412e-02 1.230908e+00 1.711871e+00 -7.548967e-02 1.754118e-01 2.473757e-01 3.927478e-01 -2.077231e-01 5.850291e+01 -1.894048e-01 5.243600e-02 5.759199e-02 1.972252e-01 3.449657e-01 1.529636e-01 -1.258744e-01 1.080245e-02 1.326047e-03 7.692978e-02 -1.703521e-02 -1.918457e-01 -1.787659e-01 4.643564e-01 1.303892e-01 4.075610e-01 2.954518e-01 5.879968e-02 3.452269e-03 2.830397e-02 -2.962176e-01 -2.332082e-01 -1.378503e-01 -3.412912e-02 -1.203280e-01 5.750036e-01
<VARIANCE> 39
 3.448970e+01 4.929434e+00 1.673190e+01 1.073637e+01 1.271837e+01 1.814672e+01 9.543524e+00 2.207223e+01 2.846775e+01 1.476758e+01 1.951955e+01 7.766541e+00 6.138641e+01 5.195638e-01 4.697677e-01 7.277306e-01 7.412999e-01 5.474888e-01 7.585225e-01 7.193616e-01 1.203743e+00 1.125394e+00 1.133885e+00 7.700691e-01 5.744805e-01 9.457402e-01 2.531986e-01 2.079777e-01 1.412456e-01 3.604576e-01 1.922357e-01 2.484551e-01 2.576942e-01 3.953366e-01 4.605114e-01 2.197987e-01 2.273797e-01 1.916267e-01 4.080125e-01
<GCONST> 8.673029e+01
<TRANSP> 5
 0.000000e+00 1.000000e+00 0.000000e+00 0.000000e+00 0.000000e+00
 0.000000e+00 4.621443e-01 5.378557e-01 0.000000e+00 0.000000e+00
 0.000000e+00 0.000000e+00 2.371679e-01 7.628322e-01 0.000000e+00
 0.000000e+00 0.000000e+00 0.000000e+00 8.120536e-02 9.187946e-01
 0.000000e+00 0.000000e+00 0.000000e+00 0.000000e+00 0.000000e+00
<ENDHMM>
~h "n"
<BEGINHMM>
<NUMSTATES> 5
<STATE> 2
<MEAN> 39
 -1.075754e+01 8.733246e-01 8.090590e+00 4.393838e+00 2.889769e+00 -5.181517e-01 -3.014234e+00 -4.496552e+00 -3.419383e+00 -4.733673e+00 -6.440660e-01 -3.021506e+00 6.946986e+01 4.899429e-01 -2.508348e-01 6.628832e-01 9.602494e-01 4.659542e-01 -4.149632e-01 -7.376049e-01 -4.979366e-01 -2.010646e-01 -2.359010e-01 1.327883e-01 -2.191013e-01 6.076590e-01 -7.000904e-02 -4.300243e-02 -1.288489e-01 -1.225506e-01 -4.863178e-03 4.304859e-02 7.366865e-02 1.013803e-02 3.763973e-02 1.274249e-01 6.094929e-02 7.533795e-02 -5.973218e-02
<VARIANCE> 39
 5.992614e+01 8.095607e+01 7.293009e+01 5.386682e+01 2.883542e+01 3.766406e+01 3.046072e+01 2.759179e+01 3.208919e+01 4.596717e+01 5.370786e+01 1.396499e+01 5.407116e+01 2.991651e+00 5.599979e+00 3.718939e+00 3.133724e+00 2.241955e+00 3.376829e+00 2.398626e+00 2.464588e+00 4.457640e+00 2.126107e+00 2.858673e+00 1.423216e+00 1.752982e+00 3.613527e-01 8.992088e-01 6.647230e-01 6.058185e-01 4.344627e-01 6.190337e-01 4.098198e-01 4.176029e-01 5.139702e-01 4.243872e-01 3.871051e-01 2.251307e-01 3.302279e-01
<GCONST> 1.231773e+02
<STATE> 3
<MEAN> 39
 -6.007837e+00 -3.487780e+00 4.283443e+00 1.478474e+00 2.818754e+00 8.344314e-01 -7.406694e-02 -8.849767e+00 -2.614158e+00 -5.258095e+00 -4.373793e+00 2.320343e+00 7.530021e+01 2.175150e-01 6.536326e-02 -5.511729e-01 -6.055113e-01 -3.540197e-01 7.910296e-02 5.284712e-01 5.465756e-02 -1.436113e-01 1.335886e-01 1.553652e-01 5.365423e-01 1.294301e-01 -5.489365e-02 -4.514968e-02 -4.643299e-02 -1.393264e-01 -1.162692e-01 -5.325258e-02 1.325510e-01 7.509450e-02 -4.985908e-02 6.669696e-02 7.865788e-02 4.645399e-02 -1.039206e-02
<VARIANCE> 39
 1.595708e+01 4.791271e+01 3.235872e+01 6.491869e+01 2.773935e+01 2.890712e+01 5.272291e+01 2.478861e+01 3.491550e+01 2.898244e+01 6.199112e+01 5.214874e+01 6.073293e+01 4.238636e-01 2.165905e+00 1.670221e+00 3.216899e+00 1.641250e+00 1.983152e+00 1.777589e+00 1.488574e+00 2.375905e+00 1.577982e+00 2.976810e+00 2.518175e+00 1.475118e+00 1.022358e-01 3.249564e-01 2.441370e-01 4.585016e-01 3.047391e-01 3.611822e-01 2.981927e-01 2.782334e-01 5.633816e-01 2.686441e-01 7.608269e-01 5.267738e-01 2.029540e-01
<GCONST> 1.117222e+02
<STATE> 4
<MEAN> 39
 -7.821341e+00 6.707862e+00 3.405530e+00 5.404571e+00 4.004507e+00 -5.948576e-01 -3.076897e+00 -4.147055e+00 -2.237256e+00 3.671632e-01 2.191416e+00 -1.573242e+00 6.684232e+01 -3.577527e-01 -1.883728e-01 -3.526470e-01 -4.599679e-01 -1.955341e-01 2.319898e-01 6.269060e-01 3.407195e-01 9.379011e-02 1.143731e-01 1.025742e-01 1.783914e-01 -2.623961e-01 -4.030454e-02 -1.299678e-01 -7.168293e-02 -5.903333e-02 -3.394403e-02 -2.922776e-02 2.631624e-02 1.118498e-02 -7.905326e-02 -3.784724e-02 5.339099e-02 2.721759e-02 3.078314e-02
<VARIANCE> 39
 2.680788e+01 2.553391e+01 2.208615e+01 3.235904e+01 2.411831e+01 2.393485e+01 5.120092e+01 3.165799e+01 5.556684e+01 3.273689e+01 4.371484e+01 1.808829e+01 3.457653e+01 6.064550e-01 1.727921e+00 1.240988e+00 1.676078e+00 1.155442e+00 1.620455e+00 2.220271e+00 1.608703e+00 2.584795e+00 1.148804e+00 2.191203e+00 1.075182e+00 1.313455e+00 5.269545e-02 2.586416e-01 1.594287e-01 2.203739e-01 1.981170e-01 2.461176e-01 3.287652e-01 2.647245e-01 5.011910e-01 1.946605e-01 3.768411e-01 1.734078e-01 9.923445e-02
<GCONST> 1.006744e+02
<TRANSP> 5
 0.000000e+00 1.000000e+00 0.000000e+00 0.000000e+00 0.000000e+00
 0.000000e+00 7.135561e-01 2.864439e-01 0.000000e+00 0.000000e+00
 0.000000e+00 0.000000e+00 6.891683e-01 3.108317e-01 0.000000e+00
 0.000000e+00 0.000000e+00 0.000000e+00 7.811363e-01 2.188637e-01
 0.000000e+00 0.000000e+00 0.000000e+00 0.000000e+00 0.000000e+00
<ENDHMM>
~h "o"
<BEGINHMM>
<NUMSTATES> 5
<STATE> 2
<MEAN> 39
 -2.893139e+00 9.509079e-01 -2.124551e+00 -3.361570e+00 -5.177230e-03 -3.938393e+00 -3.853868e-01 -6.201795e+00 -7.480063e+00 -7.005428e+00 -2.141969e+00 1.144553e+00 7.536207e+01 1.310217e+00 1.576741e-01 -6.680610e-01 9.085684e-02 5.444851e-01 -4.409569e-01 -6.431131e-01 -5.010840e-01 -1.095945e+00 -5.570295e-01 -1.652388e-01 -4.913203e-02 8.592258e-01 -1.888634e-01 -1.869582e-02 -4.672944e-02 8.174338e-03 -5.200877e-02 7.550880e-03 3.110913e-02 1.220780e-01 1.116007e-01 1.383426e-01 2.017379e-02 -9.599854e-02 -1.862129e-01
<VARIANCE> 39
 2.575776e+01 3.392141e+01 2.214681e+01 4.165183e+01 5.027254e+01 3.511863e+01 2.036412e+01 2.242084e+01 3.932426e+01 3.457716e+01 4.244393e+01 2.081269e+01 2.666767e+01 4.190072e+00 2.862844e+00 1.945984e+00 1.830575e+00 2.561197e+00 5.315704e+00 1.921568e+00 1.603105e+00 2.966537e+00 3.182851e+00 2.850759e+00 1.250701e+00 3.428681e+00 7.665189e-01 5.345619e-01 4.454989e-01 3.870940e-01 5.354011e-01 1.054395e+00 4.074369e-01 3.033815e-01 4.692448e-01 6.114596e-01 5.401071e-01 2.530554e-01 5.190101e-01
<GCONST> 1.191922e+02
<STATE> 3
<MEAN> 39
 -2.668689e-01 3.175817e+00 -2.376310e+00 -2.990819e+00 -2.226063e+00 -8.117469e+00 -2.573892e+00 -4.749044e+00 -8.344587e+00 -6.287060e+00 -2.009287e+00 -2.237925e+00 7.619839e+01 -3.844202e-01 3.738976e-01 6.415912e-01 4.509000e-01 -9.418332e-03 2.168363e-01 1.838638e-01 7.066902e-03 7.167161e-02 7.446489e-02 -6.576227e-03 -1.817222e-01 -4.561163e-01 -2.384440e-01 9.448723e-02 2.031132e-01 1.471865e-01 1.461491e-01 3.556275e-01 1.697589e-01 -2.349883e-02 9.904251e-02 -7.721087e-03 4.725503e-03 4.544602e-02 -2.362368e-01
<VARIANCE> 39
 2.935099e+00 1.324321e+01 1.915127e+01 2.830802e+01 5.193684e+01 3.466590e+01 1.574054e+01 1.958392e+01 8.983037e+01 2.773492e+01 5.903012e+01 1.492195e+01 9.784648e+00 2.857893e-01 7.358740e-01 9.128273e-01 1.005069e+00 1.894387e+00 2.940200e+00 1.249916e+00 1.129919e+00 1.578375e+00 1.528455e+00 7.875489e-01 1.226987e+00 4.817816e-01 6.044618e-02 1.881540e-01 1.860909e-01 1.879258e-01 2.462278e-01 3.269018e-01 2.270877e-01 2.010829e-01 3.668630e-01 2.649469e-01 1.619111e-01 1.943091e-01 6.261066e-02
<GCONST> 9.027877e+01
<STATE> 4
<MEAN> 39
 -6.976084e+00 8.059489e+00 3.806451e+00 3.877048e+00 2.440784e+00 7.673823e-01 2.755871e-01 -4.384993e+00 -3.813302e+00 -3.261368e+00 -2.016911e+00 -2.785504e+00 6.698615e+01 -9.385395e-01 1.812219e-01 3.777177e-01 4.894732e-01 4.146716e-01 7.897885e-01 5.013831e-01 4.242313e-01 8.639276e-01 6.270529e-01 -4.072943e-02 8.219411e-02 -1.089450e+00 -1.516392e-02 -2.955225e-01 -1.657025e-01 -1.975269e-01 -9.604638e-02 -1.846334e-01 -9.648689e-02 7.298470e-02 2.616772e-03 1.489716e-02 1.016742e-01 2.393971e-02 1.552767e-01
<VARIANCE> 39
 1.305439e+01 1.832871e+01 1.382284e+01 2.356444e+01 2.387714e+01 3.239824e+01 2.443781e+01 2.221547e+01 5.678014e+01 4.005030e+01 4.923641e+01 1.951158e+01 2.145838e+01 6.351821e-01 1.991958e+00 1.567856e+00 1.388324e+00 1.454768e+00 1.749420e+00 1.368987e+00 1.257092e+00 2.880266e+00 1.228200e+00 1.739673e+00 1.283153e+00 8.235968e-01 9.909201e-02 2.778146e-01 2.160898e-01 1.856593e-01 2.591733e-01 3.506879e-01 2.714432e-01 2.364996e-01 4.136624e-01 2.121924e-01 2.648295e-01 2.158298e-01 1.142905e-01
<GCONST> 9.849809e+01
<TRANSP> 5
 0.000000e+00 1.000000e+00 0.000000e+00 0.000000e+00 0.000000e+00
 0.000000e+00 8.423713e-01 1.576286e-01 0.000000e+00 0.000000e+00
 0.000000e+00 0.000000e+00 8.620436e-01 1.379565e-01 0.000000e+00
 0.000000e+00 0.000000e+00 0.000000e+00 8.455312e-01 1.544688e-01
 0.000000e+00 0.000000e+00 0.000000e+00 0.000000e+00 0.000000e+00
<ENDHMM>
~h "p"
<BEGINHMM>
<NUMSTATES> 5
<STATE> 2
<MEAN> 39
 -1.990048e+01 1.810576e+00 -2.844998e+00 -8.654473e-01 1.234808e-02 1.768317e+00 3.822840e+00 4.328263e+00 4.501029e+00 2.602897e+00 1.596014e+00 2.615556e-01 5.880060e+01 -2.419207e-01 -1.881987e-01 -1.237584e-01 -1.025844e-01 -1.167686e-01 -9.790509e-02 -7.374889e-02 -4.774937e-02 -1.189701e-01 -1.731667e-01 -1.715290e-01 -1.619765e-01 -1.682880e-01 9.186623e-02 6.617130e-02 5.678705e-02 3.277363e-02 2.597394e-02 1.617657e-03 -2.090527e-02 -4.803241e-02 -3.099921e-02 4.541012e-03 1.874496e-02 5.706715e-03 6.497506e-02
<VARIANCE> 39
 7.430695e+00 2.779482e+00 4.334042e+00 7.351945e+00 8.074234e+00 8.549626e+00 8.488839e+00 1.418869e+01 1.365849e+01 1.054239e+01 1.012881e+01 8.174831e+00 5.822654e+00 2.329355e-01 2.862211e-01 4.402187e-01 7.030268e-01 8.362519e-01 8.601005e-01 8.438710e-01 9.719206e-01 9.334884e-01 8.422838e-01 9.853910e-01 8.234500e-01 1.952435e-01 4.117302e-02 5.050796e-02 7.587339e-02 1.189699e-01 1.466816e-01 1.563733e-01 1.797541e-01 2.075265e-01 2.008222e-01 1.735301e-01 2.005826e-01 1.653790e-01 1.760180e-02
<GCONST> 6.309940e+01
<STATE> 3
<MEAN> 39
 -1.655496e+01 2.151150e+00 -3.334140e+00 -1.776283e+00 -1.366753e+00 -3.351003e-03 1.265242e+00 -3.253754e-01 6.481798e-01 -1.238540e-01 -3.131206e-01 8.142367e-03 5.705774e+01 -5.026317e-01 -1.175984e-01 -2.443708e-03 4.813127e-02 2.124470e-01 2.524457e-01 -8.492149e-02 -2.687783e-02 9.386867e-02 3.250581e-01 4.927562e-01 2.781360e-01 -5.301469e-01 2.599057e-01 -1.061317e-01 1.757380e-01 -1.071505e-01 -2.697853e-02 -9.133998e-02 -2.607049e-02 -3.075637e-01 -3.135416e-01 -1.234117e-01 2.937432e-02 -3.591320e-02 6.014785e-01
<VARIANCE> 39
 3.206840e+01 6.788368e+00 5.090399e+00 7.850083e+00 7.871997e+00 1.448373e+01 1.507207e+01 2.610119e+01 1.970421e+01 1.466854e+01 9.502884e+00 7.634279e+00 3.018044e+01 7.095520e-01 3.166999e-01 3.265092e-01 4.900102e-01 5.748391e-01 6.370029e-01 7.790233e-01 1.009849e+00 9.467002e-01 9.418271e-01 8.589088e-01 8.173934e-01 9.819971e-01 1.882888e-01 1.678802e-01 1.142833e-01 1.983658e-01 2.197514e-01 2.284242e-01 3.433004e-01 3.147875e-01 3.912312e-01 2.320917e-01 2.223090e-01 1.730509e-01 3.134741e-01
<GCONST> 8.048579e+01
<STATE> 4
<MEAN> 39
 -8.344299e+00 1.504004e+00 -3.216334e+00 -2.866798e+00 -2.987663e+00 -4.345312e+00 -1.087073e+00 -7.143303e-01 -4.453371e+00 5.732025e-01 5.412655e+00 -2.295028e-01 6.778912e+01 1.357121e+00 -2.821247e-01 -8.277959e-02 -3.179545e-01 -3.676349e-01 -4.147256e-01 -4.809082e-02 -6.658419e-01 -1.149318e+00 -3.109491e-02 5.289080e-01 6.087258e-02 1.446972e+00 9.937267e-02 -5.340037e-02 -8.979104e-03 -1.836848e-02 -5.264046e-02 5.587222e-02 1.521801e-01 -2.411946e-02 -6.931987e-02 5.089653e-03 -2.220384e-02 -1.181316e-02 1.651294e-01
<VARIANCE> 39
 8.253571e+01 1.033286e+01 1.000250e+01 1.297697e+01 1.912071e+01 3.421473e+01 3.035613e+01 2.071461e+01 3.490057e+01 1.178909e+01 3.825032e+01 7.261171e+00 8.026313e+01 4.621341e+00 1.535335e+00 1.217606e+00 1.421264e+00 1.830157e+00 3.324945e+00 2.586940e+00 2.054044e+00 2.806207e+00 1.089933e+00 1.482401e+00 8.536237e-01 3.845564e+00 8.315892e-01 2.333837e-01 2.118146e-01 2.490343e-01 3.249969e-01 5.297939e-01 3.938976e-01 3.622374e-01 4.285122e-01 2.290002e-01 2.648048e-01 1.667531e-01 8.045012e-01
<GCONST> 1.069880e+02
<TRANSP> 5
 0.000000e+00 1.000000e+00 0.000000e+00 0.000000e+00 0.000000e+00
 0.000000e+00 8.682439e-01 1.317561e-01 0.000000e+00 0.000000e+00
 0.000000e+00 0.000000e+00 4.348468e-01 5.651532e-01 0.000000e+00
 0.000000e+00 0.000000e+00 0.000000e+00 7.611563e-01 2.388437e-01
 0.000000e+00 0.000000e+00 0.000000e+00 0.000000e+00 0.000000e+00
<ENDHMM>
~h "r"
<BEGINHMM>
<NUMSTATES> 5
<STATE> 2
<MEAN> 39
 -4.854666e+00 -4.973569e+00 -3.233373e+00 -6.760548e+00 -5.634757e+00 -1.895602e+00 9.024308e+00 -9.639631e+00 -7.930071e+00 2.187536e+00 -1.153163e+00 1.423432e-01 7.685487e+01 1.510817e+00 -2.406217e-01 -2.850021e-01 -3.013555e-01 -2.901528e-01 -5.726067e-01 3.096279e-01 -6.574979e-01 -6.641076e-01 5.360422e-01 -7.762790e-02 -1.580105e-01 1.579573e+00 -1.720788e-01 3.117204e-01 2.977990e-03 1.735212e-01 1.317370e-01 -3.647884e-03 -3.386432e-01 2.847758e-01 3.191164e-01 -1.075725e-01 -8.890701e-02 -8.191231e-02 -4.499359e-01
<VARIANCE> 39
 4.193162e+01 3.842417e+01 1.842276e+01 3.296922e+01 4.622649e+01 2.454126e+01 5.413223e+01 3.290186e+01 4.469160e+01 5.677425e+01 7.220741e+01 2.007939e+01 5.390182e+01 3.264139e+00 2.367979e+00 1.583294e+00 2.372186e+00 2.473580e+00 2.125573e+00 3.289598e+00 2.741774e+00 2.692153e+00 4.345517e+00 2.640265e+00 1.562098e+00 4.781168e+00 5.109943e-01 3.760096e-01 3.760645e-01 4.814573e-01 4.266329e-01 3.962884e-01 4.028946e-01 4.782245e-01 3.806123e-01 8.315578e-01 3.976140e-01 2.765791e-01 3.837897e-01
<GCONST> 1.206655e+02
<STATE> 3
<MEAN> 39
 -2.518166e+00 1.613807e+00 -3.561877e+00 -3.476300e+00 -3.181748e+00 -3.339863e+00 2.887974e+00 -7.245940e+00 -7.340589e+00 3.219144e-01 2.266152e-01 -1.763878e+00 7.392477e+01 -9.463103e-01 1.206859e+00 5.927956e-01 5.646887e-01 6.903453e-01 4.940214e-01 -8.951790e-01 9.820942e-01 9.989387e-01 -1.024923e+00 -3.125403e-01 -8.855359e-02 -1.473529e+00 -5.037175e-01 -1.529578e-01 1.437857e-01 3.197091e-02 1.003617e-01 2.033640e-01 1.536545e-01 1.659068e-01 3.112431e-01 1.088876e-01 3.341839e-02 1.417566e-01 -3.368229e-01
<VARIANCE> 39
 1.649150e+01 2.788989e+01 1.738294e+01 3.134402e+01 3.421397e+01 2.756207e+01 2.283204e+01 2.675967e+01 3.995497e+01 4.539355e+01 5.598988e+01 3.381897e+01 2.513291e+01 2.193228e+00 1.854958e+00 1.768181e+00 1.686523e+00 1.140217e+00 1.682480e+00 1.665287e+00 1.894441e+00 2.466195e+00 2.131159e+00 2.085245e+00 1.492139e+00 2.154119e+00 3.189769e-01 4.743535e-01 3.260875e-01 2.672054e-01 2.186808e-01 4.063103e-01 3.083847e-01 4.394515e-01 3.892004e-01 4.224236e-01 3.797734e-01 2.857006e-01 3.007674e-01
<GCONST> 1.095285e+02
<STATE> 4
<MEAN> 39
 -1.397770e+01 2.516656e+00 -1.971897e+00 -5.715640e-01 1.696618e+00 2.643022e+00 2.704712e+00 -1.331432e+00 -6.370315e-01 -3.663982e-01 1.109000e+00 1.098909e+00 6.212671e+01 -9.466623e-01 -4.993540e-01 9.279093e-03 -1.904103e-01 2.472861e-03 5.007366e-02 -4.136241e-02 3.797896e-01 4.784248e-01 6.743754e-02 3.802484e-02 1.623436e-01 -5.560088e-01 4.321321e-01 -7.980381e-02 -4.900696e-02 -7.681475e-02 -1.440736e-01 -2.850649e-01 -8.122039e-02 -2.698471e-01 -3.724387e-01 -6.560848e-02 1.456077e-02 -4.734910e-02 4.536509e-01
<VARIANCE> 39
 3.327816e+01 2.026102e+01 1.533828e+01 1.712005e+01 2.113191e+01 1.517058e+01 1.265864e+01 3.296886e+01 3.843550e+01 3.051516e+01 1.843505e+01 1.292771e+01 2.938275e+01 2.772639e+00 1.460047e+00 1.413851e+00 1.232654e+00 1.083089e+00 1.958346e+00 1.763224e+00 3.097603e+00 3.524864e+00 1.433964e+00 1.229332e+00 1.411415e+00 2.706761e+00 3.991578e-01 3.608439e-01 2.770173e-01 2.176707e-01 1.930594e-01 2.555445e-01 3.094195e-01 3.901901e-01 4.227209e-01 3.427875e-01 2.956395e-01 2.602820e-01 2.586870e-01
<GCONST> 1.033393e+02
<TRANSP> 5
 0.000000e+00 1.000000e+00 0.000000e+00 0.000000e+00 0.000000e+00
 0.000000e+00 7.479806e-01 2.520194e-01 0.000000e+00 0.000000e+00
 0.000000e+00 0.000000e+00 7.200717e-01 2.799283e-01 0.000000e+00
 0.000000e+00 0.000000e+00 0.000000e+00 7.729474e-01 2.270526e-01
 0.000000e+00 0.000000e+00 0.000000e+00 0.000000e+00 0.000000e+00
<ENDHMM>
~h "s"
<BEGINHMM>
<NUMSTATES> 5
<STATE> 2
<MEAN> 39
 -1.473828e+01 -3.143844e+00 3.768243e+00 1.380483e+00 9.358789e-01 2.196084e+00 7.209467e-01 -5.769679e+00 -5.314340e+00 -2.230774e+00 2.600734e+00 1.242589e-01 6.635400e+01 -1.517373e+00 -2.020134e+00 2.545444e+00 -5.907334e-01 -3.748008e-01 7.710717e-01 1.735040e-01 -3.864491e-01 2.322725e-01 3.250963e-01 9.059539e-01 -5.686943e-01 1.300697e+00 -3.911780e-01 -3.750140e-01 3.816975e-01 -4.003219e-01 -1.846904e-01 -6.127914e-02 7.771346e-02 6.076711e-02 5.794416e-02 6.108609e-02 5.242106e-02 -1.599457e-01 2.458275e-01
<VARIANCE> 39
 5.086997e+01 4.200040e+01 6.226663e+01 3.865681e+01 3.651683e+01 1.930550e+01 3.632335e+01 4.946002e+01 4.957980e+01 2.972689e+01 2.655398e+01 1.951085e+01 9.506669e+01 4.816566e+00 3.670772e+00 4.339721e+00 3.537995e+00 2.277992e+00 2.081913e+00 3.258550e+00 3.264561e+00 4.591795e+00 2.297154e+00 2.474740e+00 1.338385e+00 2.990292e+00 4.314919e-01 5.803140e-01 6.670249e-01 4.911568e-01 3.695245e-01 4.019946e-01 5.119654e-01 5.448470e-01 6.296025e-01 3.701019e-01 3.931985e-01 2.192023e-01 4.251211e-01
<GCONST> 1.230087e+02
<STATE> 3
<MEAN> 39
 -2.639728e+01 -1.715833e+01 1.880943e+01 -6.443952e+00 -3.702245e+00 4.157543e+00 4.023308e+00 -8.692259e+00 -3.542478e+00 -6.292591e-01 6.841573e+00 -5.159009e+00 7.727551e+01 -3.076533e-01 -3.903154e-01 -3.445155e-02 -2.209755e-01 1.419806e-01 -9.015289e-02 -2.098468e-01 -7.926768e-02 2.160622e-01 7.266571e-02 5.355667e-02 -1.639068e-01 4.846466e-02 6.625789e-01 5.292712e-01 -4.831995e-01 5.391743e-01 2.519357e-01 -1.571240e-02 -2.349175e-01 -1.066129e-01 -1.635530e-01 -1.154190e-01 -2.012011e-01 1.005665e-01 -2.090361e-01
<VARIANCE> 39
 2.299871e+01 2.517548e+01 1.815168e+01 3.015525e+01 3.763719e+01 1.645996e+01 3.877853e+01 4.774408e+01 2.191840e+01 3.470015e+01 1.970827e+01 2.022422e+01 2.374237e+01 3.895154e+00 2.286631e+00 3.149314e+00 3.788131e+00 2.363378e+00 1.366631e+00 2.007229e+00 1.660548e+00 1.365257e+00 1.537856e+00 1.513549e+00 1.346374e+00 9.907436e-01 3.683223e-01 4.844091e-01 4.414476e-01 3.891838e-01 2.911783e-01 3.006943e-01 3.371707e-01 3.562755e-01 3.334664e-01 3.056616e-01 3.171421e-01 2.031112e-01 1.051389e-01
<GCONST> 1.072540e+02
<STATE> 4
<MEAN> 39
 -1.138342e+01 -7.302792e+00 1.122360e+01 6.890764e+00 6.543895e+00 -4.668287e-01 -7.772767e+00 -1.106796e+01 -8.098764e+00 -4.134736e+00 4.536998e+00 -4.052400e+00 7.461304e+01 2.608738e+00 1.661453e+00 -1.002460e+00 1.764643e+00 8.122265e-01 -8.500772e-01 -1.097633e+00 -9.406774e-01 -1.461233e+00 -7.028456e-01 -2.472428e-01 1.889161e-01 3.724407e-01 -3.545352e-01 -1.905041e-01 3.905630e-02 -4.981930e-01 -3.113721e-01 -8.302446e-02 3.001353e-01 1.623134e-01 1.418782e-01 1.869094e-01 7.666169e-02 3.682371e-02 4.764774e-02
<VARIANCE> 39
 6.547878e+01 6.675540e+01 4.156364e+01 6.820614e+01 2.533579e+01 4.334324e+01 4.270279e+01 5.224467e+01 6.563342e+01 3.848589e+01 5.194574e+01 2.036089e+01 2.469833e+01 6.351067e+00 6.178004e+00 2.748300e+00 7.934185e+00 2.379777e+00 3.112106e+00 3.075953e+00 2.706031e+00 5.388361e+00 2.827293e+00 3.967265e+00 1.254098e+00 1.131068e+00 9.724712e-01 9.832877e-01 4.033652e-01 9.742670e-01 3.168127e-01 6.985298e-01 4.457553e-01 4.335093e-01 1.041994e+00 4.570845e-01 4.803031e-01 2.595662e-01 2.020145e-01
<GCONST> 1.274966e+02
<TRANSP> 5
 0.000000e+00 1.000000e+00 0.000000e+00 0.000000e+00 0.000000e+00
 0.000000e+00 7.977167e-01 2.022833e-01 0.000000e+00 0.000000e+00
 0.000000e+00 0.000000e+00 8.827731e-01 1.172269e-01 0.000000e+00
 0.000000e+00 0.000000e+00 0.000000e+00 8.189034e-01 1.810965e-01
 0.000000e+00 0.000000e+00 0.000000e+00 0.000000e+00 0.000000e+00
<ENDHMM>
~h "t"
<BEGINHMM>
<NUMSTATES> 5
<STATE> 2
<MEAN> 39
 -1.425834e+01 -3.850378e+00 2.802876e+00 4.839230e-01 1.791627e-01 3.590653e-01 -1.275569e+00 -8.470951e+00 -4.408048e+00 -1.717632e+00 1.616887e-01 -2.424160e+00 6.870143e+01 1.755924e+00 -3.044775e-01 -2.451227e-01 1.622401e-01 -3.180296e-01 -3.343394e-01 2.259710e-01 -9.858334e-01 -1.324645e+00 -2.091871e-01 -8.240905e-02 2.803097e-01 1.771094e+00 2.066358e-01 -2.096834e-02 -9.772113e-02 -1.513590e-01 -6.381783e-02 -1.154549e-01 1.454625e-01 8.312315e-02 3.132544e-02 8.163692e-02 -3.742838e-02 1.203270e-01 1.874644e-01
<VARIANCE> 39
 4.409011e+01 3.915186e+01 4.332081e+01 7.890823e+01 3.501356e+01 2.668845e+01 4.605436e+01 5.159080e+01 4.869821e+01 1.897709e+01 4.320272e+01 1.735859e+01 6.256577e+01 5.330383e+00 4.913826e+00 4.835229e+00 7.658033e+00 3.175781e+00 2.472591e+00 4.477796e+00 4.656762e+00 4.889891e+00 3.331789e+00 3.525682e+00 1.240636e+00 9.084592e+00 7.245442e-01 1.126866e+00 7.945047e-01 1.188542e+00 6.759477e-01 4.619982e-01 8.612918e-01 1.063325e+00 8.545172e-01 6.105592e-01 4.528236e-01 1.864514e-01 1.536734e+00
<GCONST> 1.337098e+02
<STATE> 3
<MEAN> 39
 -5.613215e+00 -1.303566e+01 2.797984e+00 -8.671634e+00 -4.471706e+00 -3.430554e+00 5.714174e+00 -1.326203e+01 -5.558083e+00 -1.543875e+00 2.206503e-01 3.449518e+00 8.337999e+01 2.172025e-01 -9.187662e-02 -6.900511e-02 3.221372e-02 7.130591e-03 -4.564716e-02 5.271501e-02 -1.716103e-01 -1.289980e-01 -1.770610e-01 1.014385e-01 1.837742e-01 9.841657e-02 -1.751278e-01 8.155324e-02 -4.234442e-03 3.086235e-02 3.111113e-02 9.121616e-02 -5.106918e-02 1.011768e-01 6.773577e-02 -8.068520e-02 3.928866e-02 -2.593021e-02 -1.938276e-01
<VARIANCE> 39
 9.777684e+01 4.359952e+01 7.645941e+01 4.901889e+01 1.755927e+01 1.869311e+01 4.110672e+01 2.471568e+01 3.989381e+01 5.159514e+01 5.719615e+01 1.290040e+01 9.158781e+00 4.460637e+00 2.964834e+00 2.446036e+00 2.556718e+00 1.097059e+00 1.877118e+00 2.246900e+00 1.703993e+00 1.783314e+00 2.733954e+00 1.883685e+00 1.026600e+00 1.142388e+00 5.667002e-01 4.728898e-01 2.442853e-01 4.021147e-01 2.091865e-01 3.168954e-01 3.837375e-01 2.799409e-01 3.632918e-01 4.060131e-01 2.949674e-01 1.686556e-01 3.002799e-01
<GCONST> 1.115867e+02
<STATE> 4
<MEAN> 39
 -1.356410e+00 -2.630143e+00 -4.135129e+00 -2.582747e+00 -4.042077e+00 -3.783326e+00 2.118047e+00 -1.062702e+01 -1.124765e+01 -3.375059e+00 3.690508e+00 5.500176e+00 7.657378e+01 -4.692290e-01 9.389005e-01 -1.077844e-01 8.989299e-02 1.684320e-01 2.361720e-01 -8.359252e-02 8.364540e-01 4.792580e-01 -4.374300e-01 -3.844323e-01 5.945515e-02 -9.274239e-01 -2.972979e-01 -2.478153e-03 2.335207e-01 -6.567935e-02 1.559816e-01 1.210993e-01 -3.401894e-02 -1.346220e-03 1.175045e-01 1.324426e-01 -3.789747e-02 -1.686315e-01 -1.676846e-01
<VARIANCE> 39
 5.614103e+00 2.204524e+01 1.186934e+01 4.221904e+01 1.622406e+01 2.644420e+01 1.694474e+01 2.950929e+01 3.051471e+01 2.923570e+01 6.653630e+01 1.152542e+01 2.005944e+01 7.324347e-01 1.658141e+00 1.453019e+00 1.697972e+00 1.518322e+00 1.603412e+00 1.511594e+00 1.469499e+00 1.128141e+00 1.753635e+00 1.382606e+00 8.702220e-01 1.380854e+00 2.142633e-01 3.256235e-01 2.585988e-01 3.470921e-01 2.106477e-01 4.196350e-01 2.167136e-01 2.883800e-01 3.151620e-01 3.813746e-01 2.471877e-01 1.602904e-01 1.934558e-01
<GCONST> 9.813683e+01
<TRANSP> 5
 0.000000e+00 1.000000e+00 0.000000e+00 0.000000e+00 0.000000e+00
 0.000000e+00 8.632770e-01 1.367230e-01 0.000000e+00 0.000000e+00
 0.000000e+00 0.000000e+00 9.182425e-01 8.175757e-02 0.000000e+00
 0.000000e+00 0.000000e+00 0.000000e+00 8.425451e-01 1.574549e-01
 0.000000e+00 0.000000e+00 0.000000e+00 0.000000e+00 0.000000e+00
<ENDHMM>
~h "u"
<BEGINHMM>
<NUMSTATES> 5
<STATE> 2
<MEAN> 39
 -1.223174e+01 4.901385e+00 6.692043e+00 6.076062e+00 3.878638e+00 5.405385e-01 -9.183528e-01 -2.082449e+00 -3.926657e+00 -3.450562e+00 1.981862e+00 -3.615294e-01 6.521681e+01 4.865043e-01 -5.551989e-01 9.804587e-01 4.496163e-01 3.301334e-02 -4.142771e-01 -4.206318e-01 -4.947385e-01 -5.931512e-01 -5.163980e-01 -5.436682e-02 -2.603616e-01 1.299480e+00 2.745597e-01 -2.505589e-01 -1.530507e-01 -5.980517e-02 4.506574e-02 -7.819453e-02 -1.254702e-01 -1.462340e-01 -2.870464e-01 -1.631725e-01 5.201486e-02 -4.595908e-03 3.683338e-01
<VARIANCE> 39
 3.421948e+01 7.223167e+01 4.763734e+01 4.093586e+01 2.685678e+01 2.038715e+01 2.941569e+01 2.297390e+01 4.547323e+01 2.943734e+01 1.298996e+01 1.244481e+01 3.247423e+01 3.346129e+00 9.221453e+00 2.880476e+00 4.293728e+00 3.746069e+00 2.080936e+00 4.402936e+00 3.033540e+00 6.347024e+00 3.506433e+00 2.646628e+00 1.571138e+00 5.803474e+00 4.658281e-01 1.083347e+00 6.570161e-01 5.314809e-01 6.453990e-01 3.198214e-01 7.086253e-01 4.542509e-01 7.460871e-01 4.454311e-01 5.074600e-01 2.563759e-01 6.997384e-01
<GCONST> 1.245827e+02
<STATE> 3
<MEAN> 39
 -5.761377e+00 -1.207502e+00 3.876872e+00 2.013847e+00 3.445297e+00 9.410219e-01 6.592100e-01 -8.194207e+00 -8.676194e+00 -7.811131e+00 -1.984508e+00 -1.496789e+00 7.463123e+01 1.364858e+00 -6.995022e-01 -5.643616e-01 -1.664099e-01 3.250120e-01 -8.046126e-01 -3.951369e-01 -7.344450e-01 -7.127066e-01 2.609668e-01 -1.999318e-01 3.346437e-01 1.414960e+00 -1.811648e-01 1.043675e-01 -1.004364e-01 -9.937355e-02 4.726425e-02 6.447978e-02 3.078097e-02 2.284988e-02 1.956852e-01 2.442151e-01 1.182868e-01 1.471292e-01 -4.133638e-01
<VARIANCE> 39
 1.797563e+01 5.385984e+01 2.954694e+01 1.127028e+02 7.141962e+01 3.491281e+01 7.939890e+01 2.517524e+01 2.746525e+01 4.928003e+01 4.409125e+01 1.797205e+01 4.231888e+01 2.972918e+00 3.514335e+00 3.660500e+00 2.565428e+00 3.309784e+00 2.723406e+00 4.269162e+00 2.506797e+00 3.328070e+00 6.160599e+00 4.078656e+00 1.488296e+00 5.716904e+00 4.200993e-01 7.683203e-01 4.762570e-01 6.471958e-01 7.482525e-01 5.621088e-01 5.933442e-01 4.017912e-01 4.632369e-01 9.747467e-01 5.228898e-01 2.756459e-01 7.997966e-01
<GCONST> 1.278755e+02
<STATE> 4
<MEAN> 39
 -1.916405e+00 -3.868511e+00 5.412868e-01 2.171844e+00 2.587984e+00 -4.088518e+00 -3.135630e+00 -1.080579e+01 -1.349395e+01 -4.882331e+00 5.726814e+00 2.739405e+00 7.767395e+01 -8.897959e-02 4.049784e-01 -2.435453e-01 -4.640729e-01 -5.174564e-01 1.857521e-01 3.248902e-01 -1.543953e-01 1.720838e-01 5.515910e-01 1.072014e-01 1.337006e-02 -3.058919e-01 -2.682669e-01 2.529628e-01 1.747299e-01 6.786940e-02 5.446068e-03 1.953290e-01 3.636821e-02 1.727675e-01 2.843979e-01 -1.649538e-03 -9.324513e-02 -1.155031e-01 -2.969356e-01
<VARIANCE> 39
 6.025282e+00 2.655452e+01 2.175462e+01 8.854561e+01 6.002339e+01 1.760765e+01 1.126134e+02 2.974440e+01 3.947295e+01 5.444233e+01 6.877170e+01 2.213133e+01 1.944871e+01 4.393435e-01 1.028586e+00 1.092854e+00 1.254246e+00 1.209009e+00 1.338094e+00 1.471561e+00 1.677701e+00 1.305588e+00 1.262904e+00 1.108218e+00 1.240923e+00 5.865262e-01 8.861998e-02 1.937273e-01 2.314588e-01 2.547980e-01 2.076010e-01 2.631282e-01 3.640131e-01 3.678274e-01 3.013245e-01 3.964615e-01 2.849883e-01 1.721239e-01 9.520647e-02
<GCONST> 9.925005e+01
<TRANSP> 5
 0.000000e+00 1.000000e+00 0.000000e+00 0.000000e+00 0.000000e+00
 0.000000e+00 8.012120e-01 1.987881e-01 0.000000e+00 0.000000e+00
 0.000000e+00 0.000000e+00 7.805052e-01 2.194948e-01 0.000000e+00
 0.000000e+00 0.000000e+00 0.000000e+00 8.349646e-01 1.650354e-01
 0.000000e+00 0.000000e+00 0.000000e+00 0.000000e+00 0.000000e+00
<ENDHMM>
~h "w"
<BEGINHMM>
<NUMSTATES> 5
<STATE> 2
<MEAN> 39
 -4.796649e+00 -2.086956e+00 6.917348e+00 1.904477e+00 1.129667e+00 5.307789e-01 4.250627e-01 -1.074008e+01 -4.440936e+00 -5.263954e+00 -7.402893e+00 2.974563e-01 7.725142e+01 -4.217870e-01 8.064560e-01 6.636276e-01 6.690376e-01 6.222438e-01 2.350873e-01 -3.908011e-01 1.718754e-01 4.854971e-01 -3.965780e-01 8.024721e-02 -4.369186e-01 -7.507203e-01 -2.420283e-02 3.372408e-03 -1.313703e-01 1.795721e-02 -4.525281e-02 -2.508628e-02 6.223150e-02 3.082705e-02 2.219556e-02 1.631350e-01 8.681104e-02 -5.195608e-02 -4.704182e-02
<VARIANCE> 39
 6.539152e+00 4.705214e+01 4.025547e+01 7.958952e+01 3.016772e+01 1.869506e+01 2.783741e+01 3.001876e+01 2.967152e+01 2.611024e+01 4.413278e+01 2.965813e+01 2.659794e+01 3.871710e-01 1.303797e+00 9.012053e-01 2.280512e+00 1.252481e+00 1.677908e+00 1.414126e+00 1.775895e+00 1.590654e+00 1.879473e+00 2.432712e+00 1.736589e+00 6.991126e-01 4.360377e-02 2.240534e-01 2.375220e-01 2.931977e-01 1.533240e-01 2.679040e-01 1.574484e-01 2.977731e-01 2.915021e-01 3.417675e-01 4.458903e-01 2.925487e-01 1.010492e-01
<GCONST> 9.934974e+01
<STATE> 3
<MEAN> 39
 -6.384648e+00 -2.395222e+00 6.453547e+00 4.121559e+00 5.557864e+00 -7.704183e-01 -3.152539e+00 -1.009097e+01 -7.229501e+00 -8.732241e+00 -1.132878e+00 -4.737049e-03 7.550817e+01 4.994221e-02 2.959358e-01 -4.111817e-01 -1.480982e-01 8.732772e-02 3.682397e-01 9.882961e-02 1.558052e-01 6.245200e-02 3.158836e-02 1.025268e-01 -2.217844e-03 -1.348491e-01 7.869894e-02 1.808783e-02 -2.008073e-02 4.988345e-02 -1.469435e-01 -7.740679e-02 6.187994e-02 1.135150e-01 1.063107e-02 -6.053280e-02 -1.262590e-01 1.580445e-03 1.400111e-02
<VARIANCE> 39
 1.414872e+01 6.752158e+01 3.619770e+01 3.124059e+01 3.367423e+01 2.365883e+01 2.995154e+01 3.503424e+01 3.101182e+01 1.859501e+01 2.299601e+01 2.976241e+01 4.046286e+01 1.828974e+00 6.750269e+00 2.670829e+00 3.294774e+00 3.081815e+00 2.893986e+00 3.821507e+00 3.580545e+00 2.967616e+00 2.355896e+00 2.612312e+00 1.313079e+00 3.436386e+00 3.061350e-01 1.063453e+00 3.853077e-01 4.247817e-01 4.934494e-01 4.781469e-01 6.905628e-01 5.747197e-01 3.282247e-01 4.462067e-01 3.764729e-01 2.182434e-01 4.343383e-01
<GCONST> 1.191423e+02
<STATE> 4
<MEAN> 39
 -3.422672e+00 5.094472e+00 1.691231e+00 3.407457e+00 5.795987e-01 -4.016900e+00 -3.199476e+00 -4.442152e+00 -9.338422e+00 -6.169342e+00 5.165688e+00 1.793872e-01 7.157260e+01 -2.098716e-01 3.125837e-01 3.549053e-01 2.846282e-01 -3.656645e-01 -1.405900e-01 2.511666e-01 2.072978e-01 4.427668e-01 3.164906e-01 4.026316e-02 -2.207737e-01 -3.941560e-01 -3.511912e-02 -1.644596e-01 -4.286445e-02 -4.576564e-02 8.660571e-02 3.284941e-02 3.052162e-02 -3.519058e-02 -6.647611e-02 -2.446862e-02 -5.064075e-02 -2.652153e-02 8.250888e-02
<VARIANCE> 39
 8.672450e+00 3.347735e+01 4.233237e+01 1.340018e+01 2.218017e+01 3.353920e+01 2.908624e+01 2.280870e+01 1.781770e+01 1.337651e+01 3.687598e+01 2.952192e+01 1.450725e+01 3.659492e-01 6.569507e-01 1.188070e+00 8.921627e-01 9.672753e-01 1.311098e+00 1.503382e+00 9.390149e-01 1.151391e+00 8.950719e-01 1.168221e+00 7.004930e-01 4.469863e-01 7.187176e-02 2.317230e-01 1.695364e-01 1.960289e-01 1.519614e-01 2.815084e-01 3.218293e-01 1.662464e-01 3.096105e-01 1.961702e-01 1.655839e-01 1.222810e-01 1.426646e-01
<GCONST> 8.795182e+01
<TRANSP> 5
 0.000000e+00 1.000000e+00 0.000000e+00 0.000000e+00 0.000000e+00
 0.000000e+00 7.728295e-01 2.271704e-01 0.000000e+00 0.000000e+00
 0.000000e+00 0.000000e+00 8.271953e-01 1.728047e-01 0.000000e+00
 0.000000e+00 0.000000e+00 0.000000e+00 6.945344e-01 3.054656e-01
 0.000000e+00 0.000000e+00 0.000000e+00 0.000000e+00 0.000000e+00
<ENDHMM>
~h "y"
<BEGINHMM>
<NUMSTATES> 5
<STATE> 2
<MEAN> 39
 -9.790859e+00 -4.361955e+00 -1.063862e-01 -1.597067e+00 -5.137302e-01 -1.805449e+00 1.090700e+00 -6.638739e+00 -4.437312e+00 3.365017e-01 2.014784e+00 2.433139e+00 7.197128e+01 2.050431e-01 1.556104e-01 -5.498369e-01 -8.003397e-01 -6.166631e-01 -2.132893e-02 1.305716e+00 4.242992e-01 -4.210474e-01 2.176162e-01 -4.039168e-01 5.561082e-01 5.084391e-02 -4.967935e-04 4.246119e-02 5.449617e-02 1.784783e-01 1.196453e-01 3.296447e-02 -6.820162e-02 -4.325710e-03 1.700830e-01 -1.037572e-01 -1.790222e-01 -1.630683e-01 -3.691715e-02
<VARIANCE> 39
 9.173528e+01 4.018927e+01 2.129324e+01 1.982900e+01 6.217319e+00 3.750153e+01 2.598246e+01 9.983803e+01 8.654181e+01 1.975313e+01 6.908218e+01 8.458827e+00 1.374403e+02 1.146869e-01 1.983866e-01 8.427336e-01 1.351331e+00 1.155415e+00 5.036112e-01 2.790312e+00 1.221755e+00 4.902855e-01 1.110266e+00 1.085435e+00 1.022675e+00 5.483378e-02 1.942390e-02 5.762322e-02 1.300299e-01 1.354814e-01 1.179726e-01 1.236569e-01 1.398554e-01 1.037241e-01 1.757216e-01 1.325778e-01 1.896857e-01 1.672281e-01 1.694257e-02
<GCONST> 8.102733e+01
<STATE> 3
<MEAN> 39
 -4.132952e+00 -6.062372e+00 -4.282672e-02 -2.247793e+00 -1.381378e+00 -3.629632e+00 2.464665e+00 -9.203890e+00 -8.875353e+00 -6.490793e-01 1.187728e+00 3.926167e+00 7.748977e+01 1.807496e-01 3.543658e-01 -6.106050e-01 -6.519238e-01 -7.114528e-01 -1.535825e-01 1.000561e+00 5.318237e-01 1.324113e-01 5.887415e-02 -8.661585e-01 2.993951e-02 -1.252323e-01 -2.861405e-02 1.845055e-01 8.355311e-02 2.146273e-01 1.051416e-01 -4.049523e-02 -4.084167e-01 -2.373084e-02 1.530182e-01 -1.672689e-01 -9.394306e-02 -3.518274e-01 -9.083278e-02
<VARIANCE> 39
 5.227191e+01 3.358271e+01 2.212669e+01 3.762276e+01 9.906742e+00 4.897340e+01 1.007062e+01 5.121182e+01 8.849614e+01 3.371062e+01 1.208632e+02 7.149437e+00 7.485446e+01 7.650665e-02 1.668576e-01 4.788727e-01 7.860911e-01 6.873416e-01 3.660665e-01 2.048548e+00 6.838873e-01 6.972898e-01 9.889935e-01 6.832622e-01 7.610865e-01 3.703116e-02 1.560598e-02 7.939360e-02 1.021583e-01 1.984698e-01 7.766116e-02 9.654138e-02 1.938276e-01 2.002675e-01 1.310911e-01 1.648257e-01 1.723388e-01 1.291445e-01 2.784413e-02
<GCONST> 7.672313e+01
<STATE> 4
<MEAN> 39
 -3.884597e+00 -4.036178e+00 -8.842635e-01 -4.920360e+00 -3.991075e+00 -3.577143e+00 4.312891e+00 -8.060871e+00 -5.796327e+00 -2.246529e+00 -5.656285e+00 1.532871e+00 7.747955e+01 -5.988661e-02 1.709718e+00 -4.477365e-01 2.035895e-01 -2.164823e-01 -3.652660e-01 -4.435948e-01 1.247811e+00 6.433808e-01 -3.782875e-01 -5.435563e-01 -1.170423e+00 -9.545393e-01 -1.448269e-01 3.807454e-01 2.485559e-01 3.472505e-01 4.044093e-01 7.669494e-02 -4.692568e-01 6.143287e-02 1.581042e-01 -1.850789e-01 2.033062e-01 -1.289434e-01 -3.573807e-01
<VARIANCE> 39
 5.119307e+01 2.958198e+01 1.695931e+01 2.427318e+01 1.731381e+01 3.215989e+01 9.241682e+00 4.423925e+01 4.035654e+01 4.799906e+01 8.133125e+01 1.271458e+01 6.956602e+01 2.312430e-01 1.514135e+00 6.635088e-01 2.169436e+00 9.075018e-01 1.542498e+00 1.106774e+00 1.069070e+00 1.088213e+00 1.566104e+00 1.819033e+00 9.134635e-01 1.052754e+00 1.017729e-01 1.475238e-01 1.374546e-01 2.652906e-01 1.845290e-01 1.904732e-01 1.777467e-01 2.340905e-01 2.247375e-01 3.328989e-01 2.784388e-01 2.755156e-01 2.215308e-01
<GCONST> 9.631454e+01
<TRANSP> 5
 0.000000e+00 1.000000e+00 0.000000e+00 0.000000e+00 0.000000e+00
 0.000000e+00 1.179369e-01 8.820631e-01 0.000000e+00 0.000000e+00
 0.000000e+00 0.000000e+00 5.810236e-01 4.189764e-01 0.000000e+00
 0.000000e+00 0.000000e+00 0.000000e+00 6.179216e-01 3.820784e-01
 0.000000e+00 0.000000e+00 0.000000e+00 0.000000e+00 0.000000e+00
<ENDHMM>
~h "sp"
<BEGINHMM>
<NUMSTATES> 3
<STATE> 2
~s "silst"
<TRANSP> 3
 0.000000e+00 1.347708e-01 8.652292e-01
 0.000000e+00 7.862911e-01 2.137089e-01
 0.000000e+00 0.000000e+00 0.000000e+00
<ENDHMM>
~h "sy"
<BEGINHMM>
<NUMSTATES> 5
<STATE> 2
<MEAN> 39
 -2.050135e+01 7.443503e-01 -4.370101e+00 -1.373469e+00 -3.624181e-01 1.465400e+00 6.879920e-01 -1.331355e-01 -8.211216e-02 3.929651e-01 -2.866750e-01 6.977741e-02 5.126337e+01 -3.788641e-02 -5.243646e-02 -3.769501e-02 -6.374316e-02 -1.093506e-01 -1.006387e-01 -6.062188e-02 1.990125e-02 6.008773e-02 1.307951e-02 -5.447872e-02 -5.844131e-02 8.423689e-03 1.399343e-02 2.176187e-03 1.616964e-02 8.840232e-03 1.783589e-02 2.632152e-02 1.851515e-02 1.764972e-02 2.901476e-02 2.283070e-02 2.699564e-02 1.549007e-02 1.495079e-02
<VARIANCE> 39
 9.090664e-01 2.121801e+00 3.464332e+00 5.133691e+00 5.355677e+00 6.201947e+00 9.894149e+00 1.320855e+01 1.726147e+01 9.274496e+00 7.932694e+00 6.557263e+00 2.921721e+01 7.989648e-02 1.347476e-01 3.547649e-01 4.157844e-01 4.895324e-01 7.169138e-01 8.074219e-01 8.260276e-01 6.995733e-01 6.332681e-01 7.250994e-01 6.834529e-01 5.053537e-02 1.919808e-02 3.315995e-02 8.154000e-02 8.877824e-02 9.391587e-02 1.379269e-01 1.681131e-01 1.665065e-01 1.433802e-01 1.389292e-01 1.461534e-01 1.368012e-01 1.014679e-02
<GCONST> 5.096288e+01
<STATE> 3
<MEAN> 39
 -2.086764e+01 -8.682375e-02 -4.153517e+00 -2.356660e+00 -8.888317e-01 2.106710e+00 1.907719e+00 8.235616e-01 2.329358e+00 1.575081e+00 -2.345858e-01 4.456364e-02 5.213264e+01 3.943566e-02 3.269012e-03 1.258681e-01 2.832661e-02 9.882266e-02 -1.814058e-01 -2.007065e-01 -3.048815e-01 -3.104874e-01 -1.452665e-01 1.279801e-01 7.934029e-02 1.050684e-01 4.346042e-03 -3.129636e-02 1.471914e-01 9.870461e-02 -8.187126e-03 -5.897133e-02 -1.683156e-01 -2.133180e-01 -3.808091e-01 -7.272916e-02 1.154299e-01 -1.899598e-01 2.792867e-02
<VARIANCE> 39
 9.000261e-01 2.522791e+00 3.064540e+00 4.981632e+00 7.656199e+00 6.109612e+00 9.197373e+00 2.632278e+01 2.177034e+01 8.730625e+00 6.271957e+00 3.758707e+00 2.560208e+01 5.277025e-02 1.791249e-01 2.461072e-01 1.903859e-01 3.244788e-01 5.326988e-01 7.050195e-01 8.059213e-01 1.500505e+00 3.837896e-01 2.939681e-01 3.840660e-01 1.971391e-01 1.354334e-02 8.615924e-02 1.164443e-01 1.041585e-01 1.731728e-01 1.918386e-01 2.528287e-01 2.152183e-01 2.541440e-01 1.314096e-01 1.328573e-01 1.350705e-01 6.774531e-02
<GCONST> 5.421508e+01
<STATE> 4
<MEAN> 39
 -2.071043e+01 5.630790e-01 -4.327085e+00 -1.938346e+00 -1.015840e+00 1.064201e+00 5.385065e-01 7.634194e-01 1.104454e+00 2.206505e+00 5.856678e-01 -6.794153e-01 5.386049e+01 -1.751206e-01 -5.659676e-01 9.518076e-01 2.034636e-01 -9.251828e-02 2.802800e-01 -3.210327e-01 -2.860549e-01 -5.974217e-01 -7.408839e-03 5.735838e-01 -3.845409e-01 3.048952e-01 -9.157337e-02 -6.192544e-01 5.358697e-01 -1.153298e-01 -6.712115e-02 1.746640e-01 8.983696e-02 4.397658e-02 -4.037633e-02 -1.634379e-01 1.111889e-01 -1.351990e-01 6.186441e-01
<VARIANCE> 39
 9.000261e-01 7.888434e-01 4.131164e+00 3.205619e+00 3.036517e+00 3.705821e+00 7.065032e+00 1.952975e+01 1.085103e+01 5.482296e+00 5.836629e+00 6.334210e+00 3.147513e+01 2.400463e-01 1.165182e+00 1.727795e+00 4.780439e-01 7.506948e-01 8.996846e-01 6.747313e-01 9.068758e-01 1.074090e+00 5.884438e-01 5.572119e-01 3.564652e-01 2.956985e-01 9.159444e-02 1.050645e-01 2.706213e-01 6.863556e-02 1.193899e-01 1.425081e-01 3.342033e-01 1.257980e-01 2.411408e-01 1.184398e-01 1.728069e-01 9.257486e-02 1.501527e-01
<GCONST> 6.130901e+01
<TRANSP> 5
 0.000000e+00 1.000000e+00 0.000000e+00 0.000000e+00 0.000000e+00
 0.000000e+00 9.462000e-01 5.380000e-02 0.000000e+00 0.000000e+00
 0.000000e+00 0.000000e+00 4.114798e-01 5.885202e-01 0.000000e+00
 0.000000e+00 0.000000e+00 0.000000e+00 4.049698e-01 5.950302e-01
 0.000000e+00 0.000000e+00 0.000000e+00 0.000000e+00 0.000000e+00
<ENDHMM>
~h "sil"
<BEGINHMM>
<NUMSTATES> 5
<STATE> 2
<MEAN> 39
 -2.170389e+01 2.123897e+00 -7.420167e+00 2.131419e+00 -4.033674e+00 3.988842e+00 -3.798434e+00 2.378581e+00 -2.609120e+00 1.034081e+00 -3.594984e-01 -1.056413e-01 2.828355e+01 1.394762e-01 -1.331118e-02 7.393692e-02 -3.814771e-02 7.327044e-02 -1.782678e-02 7.278906e-02 -6.087120e-02 1.558214e-02 8.915850e-04 -1.937607e-02 9.085717e-03 2.029941e-01 6.132714e-03 1.269603e-03 7.469084e-03 -1.441023e-04 7.412483e-03 4.563172e-03 9.802655e-03 5.637505e-04 5.812206e-03 5.759375e-03 9.920265e-03 5.663109e-03 1.248547e-02
<VARIANCE> 39
 1.517393e+02 2.864666e+00 2.274533e+01 5.451127e+00 1.396624e+01 9.001931e+00 1.289959e+01 1.013834e+01 6.922360e+00 4.740652e+00 4.456065e+00 4.096438e+00 2.672148e+02 1.788056e-01 1.056504e-01 1.597943e-01 2.185465e-01 2.928979e-01 3.508106e-01 4.213791e-01 4.592113e-01 4.679641e-01 4.815290e-01 4.632109e-01 4.403580e-01 1.698691e-01 2.343270e-02 2.059581e-02 3.052107e-02 4.279684e-02 5.561891e-02 6.985941e-02 8.626721e-02 9.119660e-02 9.598257e-02 9.418076e-02 9.206956e-02 9.085246e-02 1.307013e-02
<GCONST> 4.966901e+01
<STATE> 3
~s "silst"
<STATE> 4
<MEAN> 39
 -2.074035e+01 1.015003e+00 -3.550727e+00 -1.240150e+00 -2.404908e-01 1.623214e+00 3.164024e+00 3.301551e+00 3.344995e+00 1.704996e+00 6.513892e-01 -5.502509e-01 5.642442e+01 -4.636604e-03 -9.342167e-03 -1.324563e-02 -1.453034e-02 -1.084944e-02 -1.444671e-02 -1.124396e-02 -7.813344e-03 -8.072440e-03 -3.819753e-03 4.328458e-03 3.027909e-03 5.671555e-03 3.840805e-03 2.730028e-04 2.430354e-03 2.724981e-03 1.994659e-03 1.297740e-04 -1.854895e-03 -4.870544e-03 -7.796491e-03 -3.506240e-03 2.058274e-03 1.213006e-03 2.991563e-03
<VARIANCE> 39
 1.347725e+00 2.034330e+00 3.743860e+00 4.816008e+00 5.425539e+00 6.190763e+00 9.522619e+00 1.635925e+01 1.483699e+01 8.510003e+00 7.101831e+00 6.749320e+00 1.995020e+01 9.697014e-02 1.537684e-01 2.736671e-01 4.136894e-01 4.974522e-01 5.942842e-01 7.137878e-01 9.116688e-01 9.154117e-01 7.824386e-01 7.050299e-01 6.814011e-01 4.570026e-02 1.952763e-02 3.196380e-02 5.360137e-02 8.275758e-02 1.023829e-01 1.236802e-01 1.455282e-01 1.863605e-01 1.907900e-01 1.648092e-01 1.474828e-01 1.400616e-01 7.680056e-03
<GCONST> 5.067491e+01
<TRANSP> 5
 0.000000e+00 1.000000e+00 0.000000e+00 0.000000e+00 0.000000e+00
 0.000000e+00 9.212398e-01 2.805107e-02 5.070913e-02 0.000000e+00
 0.000000e+00 0.000000e+00 9.045889e-01 9.541105e-02 0.000000e+00
 0.000000e+00 4.009432e-03 0.000000e+00 9.759161e-01 2.007446e-02
 0.000000e+00 0.000000e+00 0.000000e+00 0.000000e+00 0.000000e+00
<ENDHMM>
