~o
<STREAMINFO> 1 39
<VECSIZE> 39<NULLD><MFCC_D_A_0><DIAGC>
~s "silst"
<MEAN> 39
 -1.838632e+01 1.686601e+00 -3.599775e+00 1.036816e+00 -9.463299e-01 2.992733e+00 7.010907e-03 1.016516e+00 7.146361e-01 1.903957e-01 2.324610e-01 -4.735578e-01 3.294789e+01 -9.328789e-01 4.173693e-02 -2.169857e-02 -1.610676e-02 1.221867e-01 1.660814e-01 2.102759e-01 3.688824e-02 1.315759e-01 3.010790e-02 2.293590e-02 -1.090551e-02 2.338081e+00 2.508271e-02 6.722915e-03 2.031128e-02 -9.315085e-03 1.085609e-02 7.142046e-03 2.327611e-03 -9.786028e-03 1.189158e-02 -8.200802e-03 -2.504333e-03 2.260672e-03 7.784884e-02
<VARIANCE> 39
 9.614296e+01 5.854327e+00 1.867599e+01 7.479362e+00 1.318071e+01 1.098456e+01 1.757544e+01 1.684338e+01 1.713406e+01 1.024197e+01 6.975804e+00 6.332207e+00 3.515186e+02 5.674682e+00 5.000587e-01 6.271994e-01 4.561353e-01 5.769494e-01 7.148945e-01 8.249350e-01 9.020341e-01 8.495818e-01 6.756930e-01 7.123803e-01 6.574002e-01 1.110799e+01 9.825674e-01 9.535412e-02 1.122872e-01 8.858674e-02 1.167273e-01 1.479384e-01 1.723414e-01 1.725922e-01 1.727987e-01 1.376643e-01 1.457617e-01 1.353890e-01 1.608469e+00
<GCONST> 8.639674e+01
~h "a"
<BEGINHMM>
<NUMSTATES> 5
<STATE> 2
<MEAN> 39
 -1.642324e+01 2.675851e+00 -2.357217e-01 4.970534e-01 1.638054e+00 2.618996e+00 2.596167e+00 -7.876090e-01 3.976784e+00 -7.816821e-01 5.274698e-01 -1.233544e+00 5.767995e+01 -3.723488e-01 -3.151380e-02 -8.082561e-02 -4.030928e-02 1.779202e-02 7.478438e-02 1.667156e-01 2.273592e-01 7.309122e-02 3.489946e-03 -1.867738e-02 -6.163321e-02 -4.527834e-01 9.058864e-02 -7.250831e-02 1.363165e-02 -2.614792e-02 -1.127073e-03 -1.096307e-02 -1.479444e-02 -6.156460e-02 -1.014326e-01 -7.981312e-02 1.566883e-03 7.478652e-03 1.563790e-01
<VARIANCE> 39
 3.280001e+01 1.816167e+01 1.755172e+01 2.708425e+01 2.229197e+01 2.032389e+01 1.849323e+01 3.150225e+01 2.506572e+01 2.813776e+01 1.715892e+01 1.244156e+01 6.938634e+01 4.643438e-01 7.568377e-01 6.809484e-01 7.596875e-01 9.484613e-01 1.093219e+00 1.296854e+00 1.278054e+00 1.220368e+00 9.634528e-01 9.031006e-01 8.933566e-01 7.038717e-01 7.111802e-02 1.736218e-01 1.461853e-01 1.543143e-01 1.791615e-01 2.031425e-01 2.289590e-01 2.512845e-01 2.462142e-01 1.840827e-01 1.906473e-01 1.803698e-01 1.160257e-01
<GCONST> 8.833652e+01
<STATE> 3
<MEAN> 39
 -1.493379e+01 1.925775e+00 -8.713609e-01 -7.638239e-01 7.599510e-01 2.129737e+00 2.212739e+00 -1.571329e+00 2.060375e+00 -2.487064e+00 -6.562355e-01 -1.099716e+00 5.938551e+01 -1.964547e-02 -8.721657e-02 2.442938e-01 1.902802e-01 2.660640e-01 5.842484e-02 -6.285012e-04 -1.239023e-01 -2.985542e-01 -3.423271e-01 -1.379717e-02 -1.061652e-01 1.969081e-01 3.982399e-01 -2.126012e-01 1.575029e-01 -9.354620e-02 -1.542912e-01 -1.675566e-01 -1.240218e-01 -2.902438e-01 -3.055709e-01 -1.777466e-01 1.954094e-02 5.175083e-02 6.548221e-01
<VARIANCE> 39
 4.975094e+01 1.813281e+01 2.056911e+01 2.488232e+01 2.359128e+01 2.227675e+01 1.517487e+01 3.384142e+01 3.985904e+01 3.498101e+01 3.155520e+01 1.471749e+01 1.035254e+02 1.036268e+00 1.731545e+00 1.241848e+00 1.111073e+00 1.199847e+00 1.392226e+00 1.681223e+00 1.759566e+00 1.701680e+00 1.255081e+00 1.269084e+00 1.125816e+00 1.855937e+00 3.093685e-01 4.815504e-01 2.569578e-01 3.805248e-01 3.283942e-01 3.217707e-01 4.641865e-01 3.762355e-01 4.448138e-01 3.290796e-01 3.570102e-01 2.788611e-01 6.061347e-01
<GCONST> 1.065339e+02
<STATE> 4
<MEAN> 39
 -1.181206e+01 8.213659e-01 -1.455169e+00 -1.491767e+00 -1.939303e-01 4.223427e-01 2.543451e+00 -1.130477e+00 -4.703480e-01 -9.227136e-01 2.996809e+00 -4.706803e-01 6.399411e+01 4.062609e-01 -4.912279e-02 1.524394e-01 5.187045e-02 -4.028782e-02 -1.272329e-01 -7.174873e-02 -2.547365e-01 -3.069205e-01 -1.391141e-01 7.674737e-02 2.402673e-02 5.272873e-01 1.311275e-01 -6.227897e-02 -2.678920e-02 -3.807989e-02 -8.676184e-02 -7.770183e-02 -3.882357e-02 -2.568531e-02 -4.563468e-02 3.440007e-03 -1.432357e-02 6.925521e-03 1.735287e-01
<VARIANCE> 39
 7.066371e+01 3.417570e+01 2.508728e+01 2.642980e+01 2.850139e+01 4.473375e+01 3.055017e+01 2.829508e+01 6.427268e+01 4.375382e+01 3.765107e+01 1.277474e+01 9.996694e+01 4.810815e+00 3.594319e+00 2.255387e+00 2.038501e+00 2.330055e+00 3.040537e+00 2.913321e+00 2.533829e+00 4.089952e+00 1.874663e+00 1.872020e+00 1.366799e+00 5.993060e+00 4.853473e-01 5.145174e-01 3.235702e-01 2.957427e-01 3.464337e-01 4.923114e-01 4.871029e-01 3.777682e-01 5.018064e-01 3.291463e-01 3.269510e-01 2.428077e-01 6.599243e-01
<GCONST> 1.197531e+02
<TRANSP> 5
 0.000000e+00 1.000000e+00 0.000000e+00 0.000000e+00 0.000000e+00
 0.000000e+00 7.372365e-01 2.627635e-01 0.000000e+00 0.000000e+00
 0.000000e+00 0.000000e+00 1.043996e-01 8.956004e-01 0.000000e+00
 0.000000e+00 0.000000e+00 0.000000e+00 6.768749e-01 3.231251e-01
 0.000000e+00 0.000000e+00 0.000000e+00 0.000000e+00 0.000000e+00
<ENDHMM>
~h "b"
<BEGINHMM>
<NUMSTATES> 5
<STATE> 2
<MEAN> 39
 -1.425203e+00 -8.619753e+00 -6.530320e-01 -5.714655e+00 -4.088799e+00 -1.491096e+00 4.057505e+00 -8.594687e+00 -1.919976e+00 -1.053699e+01 -4.104082e+00 6.631347e+00 8.177439e+01 -1.205133e-01 2.342037e-01 5.182579e-02 3.536597e-01 1.718257e-01 -1.472928e-02 -5.616631e-02 -1.043255e-01 -1.018035e-01 1.479553e-01 -4.688314e-02 -2.490063e-01 -3.159171e-01 -2.958369e-03 3.584109e-02 4.509158e-03 1.740934e-02 2.221821e-03 -9.194775e-03 -2.731900e-02 1.565064e-02 -1.128657e-02 -1.740349e-02 2.234844e-03 8.156113e-04 -3.666487e-02
<VARIANCE> 39
 1.125827e+01 3.354939e+01 1.865562e+01 4.860862e+01 4.175506e+01 2.425611e+01 2.955724e+01 4.904559e+01 3.692137e+01 2.083122e+01 3.971819e+01 5.625185e+01 2.844729e+01 2.182342e-01 1.998730e+00 9.338570e-01 1.968544e+00 1.309977e+00 1.724721e+00 1.307167e+00 1.464690e+00 1.527652e+00 1.187135e+00 3.057213e+00 2.911650e+00 1.128932e+00 3.061216e-02 2.107895e-01 1.677342e-01 2.257122e-01 1.332608e-01 3.341645e-01 1.989507e-01 1.799481e-01 2.967723e-01 2.318188e-01 4.701392e-01 4.584655e-01 1.076779e-01
<GCONST> 9.927403e+01
<STATE> 3
<MEAN> 39
 -9.962565e+00 7.812175e+00 4.514942e+00 6.850389e+00 7.721313e+00 3.550700e+00 1.462655e+00 -3.167543e+00 6.636733e-01 -4.369288e+00 -1.070372e+00 -3.233993e+00 6.369292e+01 -7.964434e-01 -6.288937e-02 -3.647526e-01 -4.691352e-01 -3.367079e-01 9.215201e-02 5.616342e-01 5.327393e-01 2.763284e-01 4.752505e-01 1.259039e-01 5.506576e-04 -9.805157e-01 -2.796463e-02 -2.542190e-01 -1.155400e-01 -1.974906e-01 -1.356363e-01 -6.540210e-02 -8.926344e-02 -1.179238e-01 -8.264147e-02 -5.142770e-02 4.672429e-02 3.473179e-02 8.880090e-02
<VARIANCE> 39
 2.160838e+01 7.598390e+00 8.526292e+00 8.433867e+00 1.001182e+01 1.312033e+01 1.838905e+01 2.579566e+01 3.581451e+01 1.368978e+01 1.366180e+01 1.374406e+01 1.424905e+01 3.662982e-01 1.531063e+00 9.987340e-01 9.969713e-01 8.362848e-01 9.758274e-01 1.048200e+00 9.991068e-01 1.221941e+00 7.298941e-01 9.436305e-01 8.923003e-01 5.660349e-01 4.867699e-02 1.104562e-01 9.862369e-02 1.139748e-01 1.023035e-01 1.759638e-01 1.883830e-01 1.820500e-01 2.365439e-01 1.302347e-01 1.952913e-01 1.658227e-01 5.282478e-02
<GCONST> 7.763037e+01
<STATE> 4
<MEAN> 39
 -1.982119e+01 1.548457e+00 -2.006962e+00 -5.881713e-01 1.337335e+00 2.280703e+00 3.266590e+00 2.252498e-01 3.687373e+00 -1.185400e+00 6.274248e-01 -1.772555e+00 5.380185e+01 -1.345197e-01 -1.267658e-01 -1.340204e-01 -1.388502e-01 -1.530070e-01 -5.054667e-02 -1.407888e-01 -4.524493e-02 -1.301403e-02 -1.714791e-02 1.623079e-02 1.083006e-01 -2.831459e-01 5.163683e-02 2.942056e-02 6.068944e-02 5.687916e-02 5.669764e-02 3.169734e-02 -5.277720e-03 -7.968219e-03 -1.597641e-02 -3.713728e-02 -1.024816e-04 -3.635351e-03 7.153578e-02
<VARIANCE> 39
 5.631922e+00 3.418055e+00 5.482278e+00 5.759254e+00 9.062471e+00 8.346654e+00 7.777887e+00 2.001747e+01 1.472198e+01 1.550502e+01 8.129453e+00 9.459769e+00 3.190777e+01 2.342383e-01 3.307775e-01 4.833886e-01 5.571956e-01 7.521139e-01 7.970479e-01 9.607872e-01 1.052416e+00 1.038875e+00 8.366429e-01 7.981761e-01 7.319642e-01 3.580137e-01 3.927692e-02 8.845647e-02 1.057652e-01 1.052514e-01 1.380297e-01 1.530449e-01 1.940509e-01 2.261130e-01 2.222464e-01 1.763766e-01 1.589262e-01 1.477914e-01 3.480479e-02
<GCONST> 6.712954e+01
<TRANSP> 5
 0.000000e+00 1.000000e+00 0.000000e+00 0.000000e+00 0.000000e+00
 0.000000e+00 9.275247e-01 7.247531e-02 0.000000e+00 0.000000e+00
 0.000000e+00 0.000000e+00 8.489187e-01 1.510813e-01 0.000000e+00
 0.000000e+00 0.000000e+00 0.000000e+00 9.266768e-01 7.332320e-02
 0.000000e+00 0.000000e+00 0.000000e+00 0.000000e+00 0.000000e+00
<ENDHMM>
~h "d"
<BEGINHMM>
<NUMSTATES> 5
<STATE> 2
<MEAN> 39
 -1.367835e+01 3.782171e+00 1.360115e+00 1.477853e+00 3.464719e+00 3.405705e+00 2.054079e+00 -1.123625e+00 1.990036e+00 -3.690346e+00 -5.058845e-01 -1.196843e+00 6.213491e+01 3.854318e-01 1.160030e+00 1.024700e+00 7.749467e-01 4.082506e-01 3.726469e-01 1.724459e-01 -4.982411e-01 -2.765914e-01 -6.355004e-02 -6.801362e-02 1.093297e-02 -1.291019e-01 2.630732e-01 -1.749391e-01 1.994732e-02 7.516768e-03 -1.129595e-01 -3.063329e-01 -3.305214e-01 -2.679982e-01 -1.990058e-01 -6.504285e-02 -2.487822e-02 3.031713e-02 3.177117e-01
<VARIANCE> 39
 4.645280e+01 2.761753e+01 3.393848e+01 3.071565e+01 2.057272e+01 1.451425e+01 2.033959e+01 4.721675e+01 8.347401e+01 3.767463e+01 3.429210e+01 1.627645e+01 7.767405e+01 3.302551e+00 3.566888e+00 3.526241e+00 2.281298e+00 1.412618e+00 1.705800e+00 2.679588e+00 2.985639e+00 4.257196e+00 2.259218e+00 1.830303e+00 9.807880e-01 3.862751e+00 2.652199e-01 4.719302e-01 4.620677e-01 3.654718e-01 2.670270e-01 4.540528e-01 4.308443e-01 4.937870e-01 5.139924e-01 2.777331e-01 3.510987e-01 2.465406e-01 2.319313e-01
<GCONST> 1.154217e+02
<STATE> 3
<MEAN> 39
 -9.030889e+00 8.051996e+00 5.031819e+00 4.248039e+00 4.467882e+00 3.116150e+00 3.057075e-01 -5.545279e+00 -2.692962e+00 -5.162982e+00 -5.309546e-01 4.763442e-01 6.486539e+01 -3.219351e-02 -1.077198e-01 1.979658e-01 3.469078e-01 -2.004137e-02 -2.039855e-01 -1.153506e-01 -1.305698e-01 1.813640e-01 2.195126e-01 3.494124e-02 -8.503817e-03 -2.358833e-02 -6.788301e-02 -7.592949e-01 -2.669316e-01 -6.960008e-02 -2.863145e-02 -2.964278e-01 -2.094466e-01 7.159014e-02 -3.494626e-02 5.090214e-03 6.928442e-02 -1.118495e-01 3.465348e-01
<VARIANCE> 39
 2.603524e+01 4.891269e+01 2.930708e+01 2.479259e+01 2.216662e+01 1.332939e+01 1.183438e+01 1.920591e+01 4.921411e+01 2.928137e+01 3.960334e+01 1.703908e+01 4.719776e+01 1.977639e+00 2.174211e+00 1.847213e+00 1.159330e+00 1.074504e+00 1.570341e+00 2.574789e+00 3.087805e+00 4.377632e+00 1.508008e+00 2.158421e+00 9.380279e-01 3.298417e+00 2.516657e-01 6.550478e-01 2.433838e-01 2.560812e-01 2.628971e-01 3.516238e-01 3.602439e-01 3.615198e-01 5.132923e-01 2.619125e-01 2.782806e-01 2.120706e-01 2.625603e-01
<GCONST> 1.076028e+02
<STATE> 4
<MEAN> 39
 -1.260297e+01 3.208996e+00 2.949452e+00 3.365322e+00 3.352910e+00 1.858227e+00 9.514614e-01 -4.818535e+00 1.687357e-01 -4.011703e+00 8.925885e-03 -9.513121e-01 6.181976e+01 1.986253e-01 -1.835199e+00 6.314941e-02 4.875305e-01 2.707922e-01 -7.699538e-01 -1.090092e+00 -7.525753e-01 -5.832681e-01 -3.790515e-01 7.567032e-02 -3.782158e-01 1.307096e+00 2.241275e-01 -1.931236e-01 1.324281e-03 7.595285e-02 1.465026e-01 -1.462823e-01 -4.129479e-01 -3.659142e-02 -3.119138e-01 -2.420458e-01 8.582342e-02 -1.237779e-02 2.679783e-01
<VARIANCE> 39
 3.619576e+01 4.895957e+01 4.140050e+01 3.942651e+01 2.668850e+01 1.997627e+01 2.118539e+01 2.827184e+01 3.926024e+01 2.586093e+01 2.031049e+01 1.471330e+01 9.730588e+01 2.337546e+00 6.028807e+00 2.568446e+00 2.964536e+00 2.711850e+00 2.563216e+00 4.049194e+00 2.812165e+00 5.487476e+00 1.976919e+00 2.938385e+00 1.705946e+00 5.225167e+00 1.740886e-01 7.923698e-01 3.458812e-01 3.700496e-01 3.479729e-01 3.821171e-01 4.742906e-01 6.641331e-01 6.820794e-01 3.789656e-01 3.175046e-01 2.222058e-01 3.651361e-01
<GCONST> 1.189047e+02
<TRANSP> 5
 0.000000e+00 1.000000e+00 0.000000e+00 0.000000e+00 0.000000e+00
 0.000000e+00 4.214632e-01 5.785368e-01 0.000000e+00 0.000000e+00
 0.000000e+00 0.000000e+00 5.217046e-01 4.782954e-01 0.000000e+00
 0.000000e+00 0.000000e+00 0.000000e+00 4.687382e-01 5.312617e-01
 0.000000e+00 0.000000e+00 0.000000e+00 0.000000e+00 0.000000e+00
<ENDHMM>
~h "e"
<BEGINHMM>
<NUMSTATES> 5
<STATE> 2
<MEAN> 39
 -5.870162e+00 -3.744943e+00 3.783128e+00 -1.537355e-01 4.134382e+00 1.463330e+00 -5.368830e+00 -7.762297e+00 7.400817e-01 -7.745566e+00 -2.085986e+00 -3.807744e+00 7.544347e+01 1.219143e+00 -9.319507e-01 -2.951400e-01 -5.881147e-02 2.672212e-02 -1.058187e+00 -9.854342e-01 -5.685545e-01 -9.652168e-01 -2.190158e-01 5.126911e-01 5.204521e-01 1.760873e+00 -1.488396e-01 -6.533287e-02 -1.745820e-04 -1.702422e-01 -8.900026e-02 -7.167384e-02 6.718720e-02 1.198523e-01 9.408331e-02 8.243678e-02 9.360733e-02 9.737027e-02 -2.031836e-02
<VARIANCE> 39
 3.577034e+01 3.728652e+01 5.061531e+01 5.767108e+01 6.509169e+01 8.562883e+01 6.667970e+01 6.456391e+01 1.144893e+02 6.053254e+01 8.242832e+01 5.699526e+01 7.389727e+01 2.955678e+00 4.121366e+00 3.013375e+00 4.178570e+00 2.894992e+00 6.077500e+00 5.247586e+00 4.973414e+00 5.034590e+00 2.873243e+00 5.447427e+00 3.400577e+00 6.094072e+00 6.791065e-01 5.294016e-01 4.031464e-01 5.391889e-01 4.416270e-01 9.919916e-01 7.720185e-01 7.374490e-01 8.365757e-01 4.975241e-01 6.807839e-01 3.995697e-01 7.626575e-01
<GCONST> 1.376200e+02
<STATE> 3
<MEAN> 39
 -1.514723e+00 -8.923860e+00 -4.003172e-01 -4.328506e+00 -7.233381e-03 -4.432206e+00 -4.520688e+00 -9.458332e+00 -6.835208e+00 -5.802397e+00 4.235333e+00 2.754389e+00 8.280905e+01 -1.203051e-01 1.382649e-01 4.944174e-02 2.437317e-01 2.571701e-01 1.431103e-01 -1.707669e-02 -3.749846e-02 -2.986459e-02 1.185610e-01 2.004031e-01 -1.550791e-01 -1.302199e-01 -1.886365e-01 3.153750e-01 1.473046e-01 1.450702e-01 3.686586e-02 2.853130e-01 1.830888e-01 9.421828e-02 2.043161e-01 -3.882577e-02 -2.944897e-01 -2.478751e-01 -3.386845e-01
<VARIANCE> 39
 8.394964e+00 3.714552e+01 2.915794e+01 9.066225e+01 5.501204e+01 2.889244e+01 9.190248e+01 1.014692e+02 9.072894e+01 9.337998e+01 6.249089e+01 2.793158e+01 2.649159e+01 3.277648e-01 1.407468e+00 1.117700e+00 1.790517e+00 1.130443e+00 1.465814e+00 2.732907e+00 1.714155e+00 1.391640e+00 2.015293e+00 2.118011e+00 1.995156e+00 7.507493e-01 1.157722e-01 2.071772e-01 1.917823e-01 2.809722e-01 1.553713e-01 2.920096e-01 3.863088e-01 3.447064e-01 3.530134e-01 3.241301e-01 4.169983e-01 3.788782e-01 1.297889e-01
<GCONST> 1.079373e+02
<STATE> 4
<MEAN> 39
 -7.333775e+00 -7.668090e-01 1.530446e+00 4.516978e+00 5.434769e+00 -8.726953e-01 -4.977095e+00 -1.017589e+01 -6.588883e+00 -3.045989e+00 4.907032e+00 -1.539133e+00 7.160007e+01 -9.567233e-01 1.029839e+00 1.357089e-01 -8.192450e-03 -4.932056e-02 7.816569e-01 6.026489e-01 5.221917e-01 1.354593e+00 3.253736e-01 -8.470297e-01 -2.880994e-01 -1.612642e+00 -4.377976e-02 -1.442188e-01 -2.400317e-02 -1.321565e-01 -1.025614e-01 -5.359568e-02 1.902276e-02 8.789538e-02 1.257157e-01 5.785840e-02 -2.116037e-02 3.842256e-02 3.533278e-02
<VARIANCE> 39
 2.755117e+01 4.701837e+01 2.375101e+01 4.671594e+01 2.560285e+01 3.923830e+01 4.890517e+01 6.588057e+01 8.289243e+01 4.006299e+01 4.986442e+01 2.531030e+01 4.454031e+01 1.447364e+00 2.606501e+00 2.064235e+00 2.569445e+00 1.644840e+00 2.679957e+00 3.205663e+00 3.644318e+00 4.934894e+00 2.209055e+00 3.614366e+00 1.888598e+00 1.913431e+00 1.521668e-01 3.448493e-01 3.159681e-01 3.725627e-01 2.680355e-01 4.177326e-01 4.750125e-01 5.243517e-01 6.270270e-01 3.675972e-01 5.386158e-01 3.394693e-01 2.256168e-01
<GCONST> 1.184647e+02
<TRANSP> 5
 0.000000e+00 1.000000e+00 0.000000e+00 0.000000e+00 0.000000e+00
 0.000000e+00 7.153903e-01 2.846096e-01 0.000000e+00 0.000000e+00
 0.000000e+00 0.000000e+00 8.328553e-01 1.671447e-01 0.000000e+00
 0.000000e+00 0.000000e+00 0.000000e+00 7.817870e-01 2.182131e-01
 0.000000e+00 0.000000e+00 0.000000e+00 0.000000e+00 0.000000e+00
<ENDHMM>
~h "f"
<BEGINHMM>
<NUMSTATES> 5
<STATE> 2
<MEAN> 39
 -4.494737e+00 -5.079322e+00 1.055991e+01 8.280713e+00 1.435585e+01 6.135277e+00 -1.639662e+01 -1.273835e+01 7.018696e+00 -1.014506e+01 -6.078518e+00 -6.131495e+00 7.681342e+01 7.232054e-02 1.620381e+00 -3.186515e-01 3.072439e-01 -1.142265e+00 2.085483e+00 1.360268e+00 -3.674684e-01 1.091348e+00 -1.690658e-01 -1.702893e+00 -1.261497e+00 -9.651659e-01 -1.475718e-01 -1.972362e-01 1.934073e-01 -1.680949e-01 -5.594786e-02 -2.858171e-01 1.123949e-01 4.591025e-02 1.563336e-01 9.711859e-02 -6.768860e-02 -6.629752e-02 1.050008e-01
<VARIANCE> 39
 2.897312e+00 2.843458e+01 1.592143e+01 4.448207e+01 1.659663e+01 9.948278e+01 1.929539e+01 2.955588e+01 1.757813e+02 7.983269e+00 7.739181e+01 2.852914e+01 1.200772e+01 2.909105e-01 2.427843e+00 2.354199e+00 5.794926e-01 7.716135e-01 4.070254e+00 2.013011e+00 8.191087e-01 2.862807e+00 1.680016e+00 2.214655e+00 2.164506e+00 8.059600e-01 2.136703e-02 2.958289e-01 3.411058e-01 2.910774e-01 1.753853e-01 5.667554e-01 5.421340e-01 4.609842e-01 7.282503e-01 1.419042e-01 7.892691e-01 7.648147e-01 1.697493e-01
<GCONST> 1.027514e+02
<STATE> 3
<MEAN> 39
 -8.423531e+00 -5.420820e+00 1.305794e+01 1.604447e+01 1.136253e+01 -2.837927e+00 -1.182758e+01 -1.085617e+01 -4.310204e+00 -8.533064e+00 -4.152826e+00 -9.437344e+00 7.574261e+01 -1.129442e-01 3.597784e-01 -3.469852e-01 -5.291920e-01 -5.054268e-01 4.154943e-01 8.113124e-01 5.372807e-01 5.452868e-01 2.040493e-01 -1.333624e-01 3.598163e-01 -3.415582e-01 2.507456e-02 1.794584e-02 -1.708351e-01 -2.042376e-01 -9.107717e-03 3.042310e-02 9.576407e-02 1.321029e-01 1.659554e-02 3.652618e-02 1.207802e-01 1.498962e-01 1.750246e-02
<VARIANCE> 39
 4.555645e+00 3.159851e+01 2.214155e+01 2.842447e+01 1.361139e+01 5.504010e+01 1.809567e+01 3.284943e+01 7.404680e+01 8.746315e+00 6.921270e+01 1.512916e+01 1.175820e+01 1.813572e-01 9.184721e-01 1.452763e+00 1.177391e+00 1.791458e+00 1.179340e+00 1.474864e+00 1.202399e+00 1.846525e+00 6.567169e-01 2.202715e+00 8.735335e-01 5.258021e-01 4.577624e-02 1.927419e-01 2.967456e-01 2.030429e-01 3.451045e-01 2.092149e-01 3.078715e-01 2.756680e-01 4.337779e-01 1.497516e-01 5.696738e-01 1.570742e-01 1.208099e-01
<GCONST> 9.236362e+01
<STATE> 4
<MEAN> 39
 -1.707515e+01 -6.182948e+00 6.361518e+00 -6.721437e+00 5.208614e+00 8.660443e+00 -3.095872e+00 -5.215787e+00 8.291226e+00 -7.069791e+00 -3.743304e+00 -1.404505e+00 7.708170e+01 -2.684623e-01 -5.860673e-02 -1.622960e-01 -1.090472e+00 -1.053090e+00 -8.734308e-01 3.029454e-01 4.028147e-01 -3.684419e-01 -6.812586e-03 6.077194e-01 4.332699e-01 2.452852e-01 3.451865e-01 1.827506e-01 1.312502e-01 2.247183e-01 -1.582029e-01 -2.782261e-01 -1.431804e-01 -1.230290e-01 6.177971e-03 7.401396e-02 -1.487130e-01 -8.711044e-02 -2.814728e-03
<VARIANCE> 39
 7.361137e+01 2.926479e+01 2.280435e+01 7.628118e+01 3.011469e+01 5.170768e+01 4.292201e+01 3.415614e+01 1.020008e+02 1.948786e+01 2.980767e+01 1.673022e+01 1.891278e+01 9.838965e+00 3.864256e+00 2.322520e+00 2.909025e+00 2.325162e+00 3.422906e+00 2.505529e+00 3.874598e+00 1.248054e+00 2.025146e+00 2.521355e+00 1.538748e+00 1.060148e+00 8.904202e-01 5.943339e-01 4.973406e-01 3.629219e-01 4.310949e-01 5.623108e-01 3.316573e-01 5.977010e-01 2.660575e-01 3.792272e-01 5.178216e-01 2.465007e-01 2.125852e-01
<GCONST> 1.191541e+02
<TRANSP> 5
 0.000000e+00 1.000000e+00 0.000000e+00 0.000000e+00 0.000000e+00
 0.000000e+00 6.033746e-01 3.966254e-01 0.000000e+00 0.000000e+00
 0.000000e+00 0.000000e+00 8.690234e-01 1.309766e-01 0.000000e+00
 0.000000e+00 0.000000e+00 0.000000e+00 8.857405e-01 1.142595e-01
 0.000000e+00 0.000000e+00 0.000000e+00 0.000000e+00 0.000000e+00
<ENDHMM>
~h "g"
<BEGINHMM>
<NUMSTATES> 5
<STATE> 2
<MEAN> 39
 -5.181628e-01 -3.177531e+00 6.781966e+00 -8.324288e+00 -9.054122e+00 -8.498774e+00 -9.050707e+00 -7.096797e-01 8.396187e+00 -1.084402e+01 -8.847907e+00 5.181227e-02 8.147346e+01 -8.604552e-02 -4.028944e-01 -3.056377e-02 -4.630453e-02 -1.834906e-01 3.840337e-02 5.204590e-01 1.952398e-01 -4.047783e-02 9.403995e-02 1.150991e-02 3.574933e-01 2.158344e-01 -2.726519e-02 3.356114e-02 -4.453646e-02 -4.597441e-03 4.421708e-02 1.888867e-01 9.448518e-02 -7.735527e-02 -4.262566e-03 -1.306785e-02 -6.402296e-02 1.702761e-03 -4.922353e-02
<VARIANCE> 39
 8.072452e+00 5.329148e+01 5.813083e+01 3.671081e+01 2.837473e+01 4.484501e+01 1.570863e+02 5.425000e+01 1.192185e+02 4.197031e+01 3.037992e+01 1.233122e+01 2.824426e+01 1.292762e-01 1.380936e+00 2.104708e+00 1.441653e+00 1.115566e+00 2.591941e+00 3.071489e+00 1.698115e+00 2.037390e+00 1.529458e+00 1.244165e+00 8.997556e-01 4.271761e-01 2.502429e-02 1.582587e-01 1.760029e-01 1.814988e-01 1.425931e-01 1.888984e-01 3.316024e-01 2.231203e-01 2.931194e-01 3.027725e-01 2.179759e-01 2.079991e-01 4.166666e-02
<GCONST> 9.800333e+01
<STATE> 3
<MEAN> 39
 -3.697911e+00 -1.302405e+00 5.147059e+00 -1.618746e+00 -2.199949e+00 3.512165e+00 -2.009192e+00 -5.784866e+00 1.118794e+01 -8.662019e+00 -1.263867e+01 -1.725567e-01 7.715128e+01 -3.318317e-01 4.975626e-01 3.003013e-01 9.030535e-01 7.328578e-01 4.544896e-01 -2.586995e-01 -4.221219e-01 2.686443e-01 9.302043e-02 -2.113706e-01 -4.739988e-01 -6.600589e-01 -4.137560e-02 -2.547191e-02 -5.470433e-02 -2.708545e-02 7.219384e-02 -6.359670e-02 7.088448e-02 1.049109e-01 -1.483140e-01 3.378459e-02 1.739913e-01 -3.486721e-02 -3.937330e-02
<VARIANCE> 39
 1.016086e+01 1.116757e+01 1.084050e+01 3.502862e+01 2.754917e+01 3.663562e+01 2.012207e+01 1.654016e+01 4.597766e+01 1.984438e+01 4.619523e+01 2.260419e+01 2.473825e+01 1.320144e-01 6.375437e-01 4.380146e-01 1.228230e+00 5.681450e-01 1.111671e+00 9.968103e-01 1.689296e+00 1.066011e+00 1.195734e+00 1.416394e+00 8.294548e-01 3.085159e-01 2.917477e-02 1.159287e-01 7.076877e-02 2.150556e-01 1.218447e-01 2.070668e-01 1.145951e-01 1.818759e-01 1.975209e-01 2.231193e-01 2.950722e-01 1.688243e-01 6.938546e-02
<GCONST> 8.202840e+01
<STATE> 4
<MEAN> 39
 -1.099558e+01 3.758208e-01 2.716344e+00 1.718250e+00 4.347998e+00 5.795089e+00 1.596643e+00 -5.815226e+00 2.091498e+00 -5.735476e+00 -2.084990e+00 -2.510030e+00 6.740392e+01 -6.578074e-01 -3.288821e-01 -5.892798e-01 -5.303590e-01 5.714089e-02 1.983325e-01 5.723375e-01 3.184563e-01 -5.856761e-01 1.028973e-01 5.972116e-01 1.217411e-01 -5.908213e-01 2.942163e-02 -5.197070e-02 -4.157235e-02 -8.353830e-02 -1.812940e-01 -1.338360e-01 5.744757e-02 8.515662e-02 1.652206e-02 -1.838356e-03 -7.981930e-02 7.530410e-02 2.705076e-02
<VARIANCE> 39
 3.007794e+01 4.122564e+01 3.275893e+01 3.265231e+01 2.263228e+01 4.339881e+01 4.853277e+01 3.222563e+01 1.259094e+02 2.109358e+01 4.860584e+01 1.724738e+01 8.241255e+01 1.628669e+00 4.527471e+00 2.361749e+00 3.262925e+00 2.540943e+00 3.397984e+00 4.648290e+00 3.710238e+00 4.559279e+00 2.129143e+00 3.080938e+00 1.817235e+00 4.570989e+00 1.529020e-01 8.434740e-01 4.711939e-01 5.722982e-01 5.366204e-01 5.298517e-01 8.682615e-01 6.722005e-01 5.828629e-01 4.263107e-01 4.252189e-01 3.469453e-01 6.825750e-01
<GCONST> 1.247632e+02
<TRANSP> 5
 0.000000e+00 1.000000e+00 0.000000e+00 0.000000e+00 0.000000e+00
 0.000000e+00 9.072222e-01 9.277778e-02 0.000000e+00 0.000000e+00
 0.000000e+00 0.000000e+00 8.602977e-01 1.397023e-01 0.000000e+00
 0.000000e+00 0.000000e+00 0.000000e+00 7.678565e-01 2.321435e-01
 0.000000e+00 0.000000e+00 0.000000e+00 0.000000e+00 0.000000e+00
<ENDHMM>
~h "i"
<BEGINHMM>
<NUMSTATES> 5
<STATE> 2
<MEAN> 39
 -4.790485e+00 -8.137475e+00 3.355865e+00 -4.978503e+00 -4.500035e+00 -9.696101e-01 -5.074360e+00 -2.439795e+00 6.041353e+00 -1.162005e+01 -8.985475e-01 1.164957e+00 7.818171e+01 1.048039e-02 7.463273e-02 -4.953025e-02 4.968389e-02 -4.120496e-02 -9.294277e-02 2.018878e-02 5.348797e-02 -2.000077e-02 -2.880107e-02 5.673315e-02 -9.674682e-02 -3.169238e-02 -1.235714e-01 1.219569e-01 7.992703e-03 1.827091e-02 5.523780e-02 7.195605e-02 6.654515e-02 6.374680e-02 2.916121e-02 3.888508e-02 2.618414e-02 -2.082080e-02 -2.062318e-01
<VARIANCE> 39
 3.641088e+01 6.524317e+01 4.186736e+01 6.951715e+01 9.154859e+01 4.467630e+01 1.225723e+02 8.114535e+01 1.030544e+02 9.757718e+01 3.510675e+01 3.655663e+01 9.445776e+01 2.239033e+00 3.293709e+00 1.853542e+00 2.323396e+00 2.994143e+00 2.738425e+00 4.172476e+00 2.532477e+00 2.808996e+00 2.699363e+00 2.175734e+00 1.704818e+00 5.048121e+00 3.175006e-01 4.840209e-01 2.906300e-01 3.060960e-01 4.369335e-01 4.895507e-01 6.166022e-01 4.106575e-01 4.539494e-01 4.061957e-01 3.438356e-01 2.641732e-01 5.057735e-01
<GCONST> 1.267651e+02
<STATE> 3
<MEAN> 39
 -5.278344e+00 4.158651e-01 5.621886e+00 8.457299e+00 6.791100e+00 -4.317938e+00 -8.847216e+00 -7.746624e+00 -9.173059e+00 -4.280503e+00 4.203077e+00 -3.593891e+00 7.322791e+01 -1.598111e-01 2.951461e-01 -2.840398e-01 -3.429433e-01 -2.392814e-01 1.831163e-01 4.355061e-01 2.093771e-01 1.737081e-01 2.746449e-01 1.020386e-01 1.144357e-01 -3.773983e-01 -9.138289e-02 2.993376e-02 -4.720377e-02 -1.622657e-01 -8.083254e-02 9.606538e-02 1.826473e-01 9.824602e-02 1.290712e-01 8.863233e-02 -1.337909e-02 7.704152e-02 -8.997308e-02
<VARIANCE> 39
 1.799684e+01 5.858637e+01 4.408017e+01 6.379253e+01 3.820158e+01 3.356223e+01 4.034431e+01 4.870922e+01 7.594937e+01 3.685009e+01 7.491214e+01 2.349255e+01 3.759958e+01 9.129825e-01 1.906711e+00 2.121672e+00 2.656233e+00 1.643952e+00 1.864671e+00 2.674646e+00 1.988770e+00 3.742262e+00 1.667554e+00 2.653051e+00 1.419360e+00 1.385743e+00 9.012078e-02 2.812684e-01 2.582423e-01 3.431448e-01 2.606435e-01 3.120978e-01 4.059997e-01 3.226972e-01 5.073044e-01 2.569190e-01 3.883663e-01 2.193217e-01 1.159784e-01
<GCONST> 1.116192e+02
<STATE> 4
<MEAN> 39
 -1.628164e+01 1.365521e+00 3.121298e-01 7.889807e-01 2.203122e+00 2.661138e+00 1.984591e+00 -2.514170e+00 2.908816e+00 -2.136650e+00 8.391150e-01 -1.789319e+00 5.829681e+01 -5.110468e-01 -3.186934e-02 -3.331154e-01 -4.008946e-01 -1.732145e-01 2.288482e-02 3.151934e-01 2.938274e-01 1.705766e-01 3.211384e-01 1.809641e-01 1.108104e-01 -6.712877e-01 1.013900e-01 -1.292506e-01 6.074709e-02 4.856467e-02 -1.084897e-03 -1.157736e-01 -1.352618e-01 -9.451467e-02 -1.189844e-01 -8.790195e-02 -6.763021e-03 -5.098150e-02 1.953387e-01
<VARIANCE> 39
 3.259741e+01 2.507380e+01 1.998897e+01 1.854685e+01 1.727611e+01 2.127763e+01 2.085755e+01 4.002746e+01 3.757170e+01 2.737010e+01 1.963167e+01 1.435199e+01 8.545057e+01 7.469655e-01 1.517326e+00 1.393022e+00 1.427953e+00 1.284596e+00 1.261217e+00 1.746880e+00 1.671226e+00 1.816916e+00 1.210476e+00 1.113147e+00 1.063168e+00 9.767176e-01 1.102205e-01 2.713179e-01 1.822973e-01 2.050837e-01 2.073150e-01 2.580227e-01 3.091670e-01 2.998939e-01 3.866261e-01 2.373080e-01 2.486560e-01 1.704437e-01 1.612613e-01
<GCONST> 9.778050e+01
<TRANSP> 5
 0.000000e+00 1.000000e+00 0.000000e+00 0.000000e+00 0.000000e+00
 0.000000e+00 7.957076e-01 2.042923e-01 0.000000e+00 0.000000e+00
 0.000000e+00 0.000000e+00 8.596902e-01 1.403098e-01 0.000000e+00
 0.000000e+00 0.000000e+00 0.000000e+00 7.454770e-01 2.545230e-01
 0.000000e+00 0.000000e+00 0.000000e+00 0.000000e+00 0.000000e+00
<ENDHMM>
~h "j"
<BEGINHMM>
<NUMSTATES> 5
<STATE> 2
<MEAN> 39
 -5.909613e+00 2.103959e+00 -3.059526e+00 -6.390781e+00 -6.640502e+00 -4.492373e+00 1.077724e+00 -2.000844e+00 2.277137e+00 -1.771432e+00 8.877657e-01 -1.956470e+00 6.899630e+01 -1.092264e+00 5.510135e-01 8.640316e-02 5.924103e-01 7.028251e-01 6.060597e-01 4.886257e-02 -1.398892e-01 -1.282971e-04 1.946507e-01 5.480759e-01 1.141312e-01 -1.714427e+00 -3.120074e-02 -1.229693e-01 1.334730e-01 4.637918e-02 7.871882e-02 -4.441563e-03 -1.691343e-02 -8.186750e-02 -5.130397e-02 1.208522e-02 -1.120854e-01 -8.697012e-03 9.630873e-02
<VARIANCE> 39
 4.020854e+01 1.767072e+01 1.259096e+01 2.065713e+01 2.080608e+01 2.261906e+01 1.793249e+01 2.500498e+01 9.920171e+01 2.809041e+01 4.544856e+01 1.013452e+01 7.397032e+01 5.851058e-01 1.449576e+00 7.488848e-01 7.083803e-01 7.978489e-01 1.113757e+00 1.911811e+00 1.396239e+00 1.531963e+00 1.785364e+00 1.146040e+00 8.793172e-01 1.390215e+00 9.187309e-02 2.382482e-01 1.147230e-01 1.436177e-01 1.494410e-01 2.266405e-01 3.669358e-01 1.778924e-01 3.022627e-01 2.903811e-01 2.569367e-01 1.538752e-01 2.130081e-01
<GCONST> 9.458918e+01
<STATE> 3
<MEAN> 39
 -1.270365e+01 8.424000e-01 -2.260057e-01 -2.057356e+00 -1.441965e+00 8.451821e-01 1.198252e+00 -5.674951e+00 7.545985e-01 -1.499954e+00 8.979825e-01 -1.141150e+00 6.237900e+01 9.119272e-01 -9.669330e-01 1.433470e+00 1.186176e-01 -5.740359e-01 -2.236839e-02 -1.290686e+00 -6.430771e-01 1.608594e-01 -9.023293e-01 -1.592756e+00 -2.704307e-03 2.694920e+00 9.359080e-01 -3.114468e-01 9.814522e-02 -5.323570e-01 -7.247604e-01 -6.891515e-01 -3.069531e-01 3.261603e-01 2.690642e-01 -2.911749e-01 -5.317574e-01 -5.920708e-02 1.287985e+00
<VARIANCE> 39
 4.018192e+01 2.858475e+01 1.388370e+01 2.277134e+01 1.270858e+01 1.686444e+01 2.144453e+01 2.574270e+01 5.142176e+01 2.377659e+01 3.253015e+01 1.407767e+01 9.849412e+01 5.269928e+00 4.043150e+00 1.230195e+00 3.169370e+00 5.521563e+00 3.223408e+00 6.181229e+00 2.501660e+00 3.710728e+00 1.855159e+00 3.104366e+00 1.283310e+00 1.351410e+01 4.793333e-01 4.318040e-01 2.869831e-01 3.763093e-01 6.103839e-01 5.578801e-01 9.671069e-01 5.688512e-01 5.624480e-01 4.425587e-01 4.938385e-01 2.957811e-01 1.362279e+00
<GCONST> 1.214581e+02
<STATE> 4
<MEAN> 39
 -2.151041e+00 -8.092922e+00 2.982611e+00 -1.059459e+01 -7.256870e+00 -1.038553e+00 -1.051660e+00 -6.011175e+00 2.376704e+00 -6.884602e+00 -6.404976e+00 2.301276e+00 8.271390e+01 2.233601e-01 1.101746e-01 2.847310e-01 3.698439e-01 4.382493e-01 3.383548e-01 -1.715415e-01 -8.100240e-02 2.900014e-01 -3.720284e-01 -2.383496e-01 1.326013e-01 3.236216e-01 -2.681845e-01 1.946595e-01 -2.127342e-02 2.557247e-01 2.013001e-01 1.797618e-01 9.262381e-02 -2.909727e-02 2.633908e-02 7.715665e-02 6.576326e-02 -1.017145e-01 -4.543661e-01
<VARIANCE> 39
 9.043205e+00 4.605374e+01 1.648001e+01 3.720235e+01 5.047245e+01 4.826181e+01 6.627494e+01 6.912244e+01 6.077479e+01 8.782367e+01 2.618741e+01 2.592385e+01 2.635120e+01 2.739998e+00 3.397147e+00 1.146166e+00 3.712825e+00 3.418100e+00 3.317277e+00 3.187100e+00 2.756873e+00 1.882434e+00 2.891478e+00 2.240320e+00 2.178555e+00 5.816796e+00 2.706606e-01 2.677958e-01 2.082708e-01 3.200430e-01 4.395601e-01 4.268368e-01 6.606605e-01 3.635041e-01 3.236160e-01 4.237849e-01 3.984752e-01 2.947676e-01 4.495969e-01
<GCONST> 1.186904e+02
<TRANSP> 5
 0.000000e+00 1.000000e+00 0.000000e+00 0.000000e+00 0.000000e+00
 0.000000e+00 8.617822e-01 1.382178e-01 0.000000e+00 0.000000e+00
 0.000000e+00 0.000000e+00 5.868651e-01 4.131349e-01 0.000000e+00
 0.000000e+00 0.000000e+00 0.000000e+00 8.743948e-01 1.256053e-01
 0.000000e+00 0.000000e+00 0.000000e+00 0.000000e+00 0.000000e+00
<ENDHMM>
~h "k"
<BEGINHMM>
<NUMSTATES> 5
<STATE> 2
<MEAN> 39
 -1.534245e+01 -3.631741e+00 -6.090192e-01 -3.629211e+00 -7.007090e-01 1.310357e+00 2.572624e+00 -5.538052e+00 -2.734267e+00 -3.993369e+00 1.768476e+00 -1.322116e+00 6.695740e+01 1.229522e+00 -6.532599e-01 5.095375e-02 -8.005319e-01 -8.022274e-01 -5.348285e-01 1.895580e-01 -3.282930e-01 -1.004960e+00 -2.481169e-01 3.167032e-01 3.394240e-01 2.021050e+00 3.572126e-01 6.639767e-02 1.831069e-02 1.474089e-01 -2.456977e-02 -1.357508e-01 -1.126318e-01 -6.797475e-02 4.567660e-02 1.534340e-01 -5.988595e-02 -1.615956e-02 1.142850e-01
<VARIANCE> 39
 3.394539e+01 4.616929e+01 3.355485e+01 5.612442e+01 4.402089e+01 3.360733e+01 4.962318e+01 4.687287e+01 6.585953e+01 4.470023e+01 2.850221e+01 2.265907e+01 1.248829e+02 4.305990e+00 4.614225e+00 4.219956e+00 6.643414e+00 4.369533e+00 3.710436e+00 4.693486e+00 4.120447e+00 6.136671e+00 4.387036e+00 3.130212e+00 2.106554e+00 8.819475e+00 4.045518e-01 1.006241e+00 9.256150e-01 1.383960e+00 8.761042e-01 6.444367e-01 8.416260e-01 7.316197e-01 1.102379e+00 8.546615e-01 5.344211e-01 4.079894e-01 1.756578e+00
<GCONST> 1.376114e+02
<STATE> 3
<MEAN> 39
 -1.090458e+00 -5.843886e+00 -2.937315e+00 -7.677064e+00 -6.187653e+00 -2.794957e+00 4.241039e+00 -8.532758e+00 -6.219085e+00 1.200883e+00 1.595497e+00 7.443551e-01 7.976781e+01 2.321879e-01 5.387497e-01 -9.045342e-02 8.015647e-02 -2.219017e-01 1.937469e-03 1.008558e-01 3.015685e-01 6.687759e-01 2.251947e-01 -3.170978e-01 -2.868965e-01 -2.807141e-01 -4.072652e-01 2.189982e-01 1.207016e-01 1.525015e-01 1.639662e-01 1.181379e-01 -1.052578e-01 9.110831e-02 1.664637e-01 -1.827356e-01 -1.494409e-02 -4.237833e-02 -3.725676e-01
<VARIANCE> 39
 1.766410e+01 3.116874e+01 1.633020e+01 3.145070e+01 2.550040e+01 2.739578e+01 5.732537e+01 5.924855e+01 7.755565e+01 5.138433e+01 8.850053e+01 2.426313e+01 4.976862e+01 1.656049e+00 2.091041e+00 1.121709e+00 1.843830e+00 1.544731e+00 1.573280e+00 1.844461e+00 1.692301e+00 1.849531e+00 2.241947e+00 1.673005e+00 1.038452e+00 1.453299e+00 2.190292e-01 2.350531e-01 1.996987e-01 2.649614e-01 2.356334e-01 2.523889e-01 2.971142e-01 3.027228e-01 3.808617e-01 3.096294e-01 3.304771e-01 2.056856e-01 1.281207e-01
<GCONST> 1.071048e+02
<STATE> 4
<MEAN> 39
 -8.152449e+00 2.824745e+00 4.337644e-01 -1.103698e+00 -5.258412e-01 2.082959e+00 1.528918e+00 -4.233506e+00 1.901118e+00 -7.986162e-01 4.454560e-01 -1.133713e+00 6.821394e+01 -1.303389e+00 7.607467e-01 3.523863e-01 8.401256e-01 7.420006e-01 3.510166e-01 -2.779912e-01 5.111612e-01 1.323781e+00 6.008989e-02 -3.999043e-01 4.434711e-02 -1.743819e+00 -6.976300e-02 -4.413427e-01 -1.860829e-01 -2.098496e-01 -1.149491e-01 -4.787255e-02 1.529270e-01 2.311943e-02 -1.801887e-01 1.004961e-01 1.651196e-01 1.567841e-01 1.307545e-01
<VARIANCE> 39
 3.681633e+01 1.743652e+01 1.527258e+01 3.064538e+01 5.125920e+01 6.206158e+01 2.460894e+01 3.033592e+01 7.178226e+01 4.048407e+01 4.175847e+01 1.912139e+01 6.172317e+01 2.245285e+00 2.262573e+00 1.841479e+00 1.744499e+00 1.572788e+00 2.438150e+00 3.039536e+00 2.322159e+00 3.119379e+00 2.023706e+00 2.389086e+00 1.868854e+00 2.043491e+00 1.864484e-01 2.438726e-01 1.839789e-01 2.131836e-01 2.418157e-01 3.507046e-01 3.277135e-01 2.884694e-01 3.934465e-01 2.708224e-01 3.010778e-01 2.509878e-01 1.726771e-01
<GCONST> 1.101612e+02
<TRANSP> 5
 0.000000e+00 1.000000e+00 0.000000e+00 0.000000e+00 0.000000e+00
 0.000000e+00 8.376462e-01 1.623538e-01 0.000000e+00 0.000000e+00
 0.000000e+00 0.000000e+00 8.415805e-01 1.584195e-01 0.000000e+00
 0.000000e+00 0.000000e+00 0.000000e+00 6.667413e-01 3.332587e-01
 0.000000e+00 0.000000e+00 0.000000e+00 0.000000e+00 0.000000e+00
<ENDHMM>
~h "l"
<BEGINHMM>
<NUMSTATES> 5
<STATE> 2
<MEAN> 39
 -9.110726e+00 -3.155126e+00 8.591029e+00 4.002127e+00 6.266203e+00 3.763202e+00 -4.595018e+00 -6.428360e+00 4.500443e+00 -9.081787e+00 -2.978057e+00 -2.283409e+00 7.192275e+01 4.537871e-01 -9.475144e-01 4.630198e-01 -2.856987e-01 1.028708e-01 -1.467001e-01 -9.506029e-01 -2.320134e-02 1.988619e-01 -6.684109e-01 -7.825723e-01 -7.080561e-02 1.306336e+00 3.341059e-02 9.700461e-02 -1.380345e-02 -2.583576e-02 1.967012e-02 -1.255082e-01 -8.140358e-02 1.200737e-02 -5.084322e-02 1.871917e-02 1.070116e-01 4.117398e-02 -5.434647e-02
<VARIANCE> 39
 3.915291e+01 9.123582e+01 7.030904e+01 5.525116e+01 6.086124e+01 3.812142e+01 8.755930e+01 3.714841e+01 8.353184e+01 6.515262e+01 5.798756e+01 2.873644e+01 8.654396e+01 2.274899e+00 7.722130e+00 3.480783e+00 3.716405e+00 5.115261e+00 3.175476e+00 8.016850e+00 3.035937e+00 3.586178e+00 4.411462e+00 4.125323e+00 2.789752e+00 5.485445e+00 2.864430e-01 1.309514e+00 5.185969e-01 5.992752e-01 8.069167e-01 5.895774e-01 1.183939e+00 5.366110e-01 6.101149e-01 8.138825e-01 6.103530e-01 4.937912e-01 7.705621e-01
<GCONST> 1.372470e+02
<STATE> 3
<MEAN> 39
 -3.315742e+00 -5.106611e+00 6.248962e+00 8.743126e-01 5.631462e+00 1.760875e+00 -9.554319e+00 -8.953289e+00 4.649378e+00 -1.066112e+01 -6.230989e+00 -4.096463e+00 7.956245e+01 2.058449e-01 5.215499e-02 -3.688119e-01 -5.984701e-01 -6.370866e-01 -3.736663e-01 1.535718e-01 3.636512e-01 -1.318838e-01 5.167670e-02 4.477365e-01 3.353734e-01 1.396788e-01 -2.804536e-02 -9.339437e-03 -4.500005e-02 -1.880530e-02 -5.127496e-02 8.067744e-03 8.562845e-02 -6.564006e-03 -3.441314e-02 8.032290e-02 1.112211e-01 6.388322e-02 -3.420010e-02
<VARIANCE> 39
 8.905411e+00 5.646165e+01 4.073658e+01 5.389709e+01 6.724362e+01 8.285834e+01 6.586362e+01 6.400159e+01 1.015664e+02 5.517636e+01 7.619698e+01 6.779057e+01 2.804676e+01 3.025379e-01 2.623041e+00 1.841231e+00 1.930301e+00 2.107888e+00 4.995782e+00 2.538001e+00 2.916572e+00 2.924288e+00 2.300378e+00 4.890058e+00 3.632873e+00 1.195104e+00 4.471980e-02 3.363258e-01 2.907372e-01 2.925920e-01 3.126175e-01 6.636466e-01 4.577234e-01 4.324426e-01 4.827401e-01 4.032131e-01 7.997126e-01 5.128696e-01 1.708798e-01
<GCONST> 1.192845e+02
<STATE> 4
<MEAN> 39
 -2.271941e+00 -5.098362e+00 2.562263e+00 -5.832909e+00 -6.825951e+00 -3.586507e+00 4.124374e-01 -2.148911e+00 1.371853e+00 -9.913826e+00 -3.890927e+00 1.714779e+00 8.043881e+01 -1.022559e-01 1.783714e-01 -8.802412e-02 1.458991e-02 -9.555651e-02 1.442454e-03 2.929980e-01 -3.318039e-02 1.480542e-02 1.042332e-01 -1.029567e-03 -4.296504e-02 -2.682059e-01 -5.645073e-02 2.211847e-02 9.782892e-03 4.013399e-02 1.402968e-01 9.474188e-02 -4.762685e-02 -5.351118e-02 -3.210728e-03 1.090435e-02 1.590361e-02 -2.136967e-02 -7.053101e-02
<VARIANCE> 39
 1.065122e+01 5.015302e+01 2.555130e+01 3.139784e+01 5.034278e+01 4.971996e+01 1.051036e+02 4.729880e+01 7.746288e+01 6.545809e+01 6.636359e+01 3.608915e+01 3.354985e+01 3.523876e-01 1.227324e+00 8.706790e-01 1.241171e+00 2.315724e+00 1.587965e+00 1.848665e+00 1.431567e+00 1.376433e+00 1.608223e+00 1.982591e+00 1.905632e+00 8.652316e-01 3.138104e-02 1.556580e-01 1.243941e-01 1.613543e-01 2.202602e-01 2.428325e-01 2.506804e-01 2.073178e-01 2.150170e-01 2.433290e-01 2.856409e-01 2.688373e-01 6.104900e-02
<GCONST> 1.008727e+02
<TRANSP> 5
 0.000000e+00 1.000000e+00 0.000000e+00 0.000000e+00 0.000000e+00
 0.000000e+00 7.560740e-01 2.439260e-01 0.000000e+00 0.000000e+00
 0.000000e+00 0.000000e+00 8.733445e-01 1.266555e-01 0.000000e+00
 0.000000e+00 0.000000e+00 0.000000e+00 9.123093e-01 8.769072e-02
 0.000000e+00 0.000000e+00 0.000000e+00 0.000000e+00 0.000000e+00
<ENDHMM>
~h "m"
<BEGINHMM>
<NUMSTATES> 5
<STATE> 2
<MEAN> 39
 -9.140458e+00 3.961492e+00 2.211896e-01 2.099545e+00 3.207547e+00 2.954721e+00 2.204154e+00 -1.603199e+00 -1.162915e+00 1.356729e+00 4.882358e+00 1.846740e-01 6.596445e+01 -9.036435e-01 -5.031221e-02 -1.731539e-01 -7.644574e-02 7.487511e-02 3.324404e-01 4.008091e-01 4.523254e-01 5.790333e-01 2.328603e-01 -1.221787e-01 1.235288e-01 -8.775082e-01 -1.617540e-02 -5.058575e-02 -1.530363e-02 -4.462636e-02 -8.943674e-02 -1.173248e-01 -1.197183e-01 -8.085943e-02 -6.025823e-02 -4.895437e-02 -2.866215e-02 -3.069449e-02 1.275977e-02
<VARIANCE> 39
 3.919838e+01 1.537067e+01 1.619795e+01 2.509758e+01 2.698887e+01 3.871012e+01 2.512911e+01 2.727069e+01 8.265407e+01 3.273375e+01 4.934838e+01 1.583516e+01 4.617727e+01 4.316842e-01 1.061011e+00 9.924971e-01 1.103052e+00 1.286525e+00 1.508485e+00 1.218487e+00 1.412078e+00 1.706742e+00 8.511972e-01 1.047852e+00 7.499607e-01 3.541710e-01 4.511715e-02 1.482872e-01 1.450445e-01 1.527261e-01 1.861001e-01 2.235736e-01 1.962919e-01 2.357911e-01 2.513351e-01 1.556050e-01 1.523312e-01 1.434628e-01 3.919549e-02
<GCONST> 9.020058e+01
<STATE> 3
<MEAN> 39
 -2.004331e+01 1.640454e+00 -2.101311e+00 -7.733306e-01 1.143482e+00 2.767869e+00 3.652833e+00 5.773031e-01 4.091482e+00 -2.973964e-01 1.199109e+00 -1.178069e+00 5.378954e+01 -8.693010e-02 -3.317539e-02 -9.955484e-02 -7.166404e-02 -7.115228e-02 -1.090326e-01 -5.907826e-02 4.788288e-03 -4.053301e-02 -1.123912e-02 -1.509872e-02 -3.088452e-02 -1.348050e-01 3.544112e-02 1.504869e-02 3.049999e-02 3.394031e-02 4.380061e-02 4.888956e-02 2.026660e-02 6.310219e-03 8.446356e-03 1.482632e-03 1.131909e-02 1.735435e-02 3.528434e-02
<VARIANCE> 39
 5.181952e+00 2.634161e+00 6.623755e+00 5.579110e+00 8.799325e+00 8.503707e+00 9.130212e+00 2.419571e+01 1.304090e+01 1.528380e+01 7.646545e+00 8.611888e+00 4.502292e+01 1.379537e-01 1.915014e-01 3.687037e-01 5.072004e-01 5.978052e-01 6.992788e-01 7.759085e-01 8.765377e-01 9.316962e-01 8.913050e-01 7.196972e-01 6.607783e-01 1.544486e-01 2.201981e-02 4.041769e-02 6.968778e-02 9.724848e-02 1.080364e-01 1.312967e-01 1.555258e-01 1.715623e-01 1.910011e-01 1.878671e-01 1.472357e-01 1.382627e-01 1.162482e-02
<GCONST> 5.996379e+01
<STATE> 4
<MEAN> 39
 -1.731935e+01 1.667223e+00 -2.355572e+00 -2.557112e+00 2.734275e-01 2.147962e+00 2.691871e+00 7.758064e-01 3.609335e+00 -7.186979e-01 3.332574e-01 -1.007709e+00 5.799743e+01 -1.898533e-01 -3.773006e-02 2.359810e-01 2.704261e-01 2.751058e-01 1.891013e-01 -2.399926e-01 -2.714540e-01 -1.557568e-01 -3.378492e-02 5.933351e-02 6.524763e-02 -1.495343e-01 2.125569e-01 -4.266571e-02 3.302497e-01 2.313086e-01 4.129320e-02 -1.946750e-02 -6.616981e-02 -2.194087e-01 -2.096875e-01 -7.698319e-02 -6.444804e-02 -1.169674e-01 4.121716e-01
<VARIANCE> 39
 2.377902e+01 9.105492e+00 1.161982e+01 1.359656e+01 1.531895e+01 1.598926e+01 1.175464e+01 2.739318e+01 2.054577e+01 1.829658e+01 1.528018e+01 1.255478e+01 6.413242e+01 4.666434e-01 3.850068e-01 5.912390e-01 8.363257e-01 8.935621e-01 8.714790e-01 8.044869e-01 1.014974e+00 1.249219e+00 1.191654e+00 9.983433e-01 1.026834e+00 8.209321e-01 1.522746e-01 1.794716e-01 1.891503e-01 2.361092e-01 1.852355e-01 2.326839e-01 2.884986e-01 1.944044e-01 2.762779e-01 2.609553e-01 2.327646e-01 2.186858e-01 3.125390e-01
<GCONST> 8.658737e+01
<TRANSP> 5
 0.000000e+00 1.000000e+00 0.000000e+00 0.000000e+00 0.000000e+00
 0.000000e+00 8.327586e-01 1.672414e-01 0.000000e+00 0.000000e+00
 0.000000e+00 0.000000e+00 9.192979e-01 8.070212e-02 0.000000e+00
 0.000000e+00 0.000000e+00 0.000000e+00 3.849897e-01 6.150104e-01
 0.000000e+00 0.000000e+00 0.000000e+00 0.000000e+00 0.000000e+00
<ENDHMM>
~h "n"
<BEGINHMM>
<NUMSTATES> 5
<STATE> 2
<MEAN> 39
 -1.081712e+01 1.137597e-01 6.954416e+00 2.572366e+00 2.893318e+00 1.775874e+00 -6.630564e-01 -4.845451e+00 -9.361870e-01 -6.027841e+00 -9.287332e-01 -1.665091e+00 6.941560e+01 7.813483e-01 -8.767834e-01 7.024992e-01 4.066704e-01 1.264089e-01 -4.751212e-01 -5.554610e-01 -5.397294e-01 -3.647050e-01 -2.821530e-01 -1.090631e-01 -1.143399e-01 1.747761e+00 -2.214617e-02 1.381663e-02 -1.013342e-01 6.364080e-02 6.379038e-02 -8.726210e-02 -1.251986e-01 3.859646e-02 4.297056e-02 7.607541e-02 2.867269e-02 6.502054e-03 -2.233736e-01
<VARIANCE> 39
 5.236006e+01 9.469580e+01 6.204605e+01 8.509299e+01 4.991426e+01 3.437749e+01 5.293348e+01 2.952626e+01 7.073354e+01 4.212753e+01 4.008539e+01 1.805774e+01 7.017615e+01 4.320676e+00 8.711058e+00 4.297428e+00 4.973097e+00 4.011496e+00 3.344029e+00 5.116896e+00 2.990113e+00 4.752379e+00 3.959794e+00 3.365784e+00 1.949631e+00 7.901735e+00 5.267898e-01 1.378563e+00 8.201452e-01 7.203538e-01 7.373849e-01 5.401007e-01 7.920504e-01 5.037862e-01 7.501594e-01 7.146040e-01 5.193010e-01 3.435291e-01 9.089961e-01
<GCONST> 1.361641e+02
<STATE> 3
<MEAN> 39
 -6.988862e+00 -6.647567e+00 1.209861e+01 8.940112e+00 8.630139e+00 -1.312035e+00 -9.561903e+00 -9.197098e+00 -2.245903e+00 -9.287101e+00 -1.493493e+00 -3.954733e+00 7.715540e+01 6.808729e-01 2.410103e-01 -7.269237e-01 -4.939425e-01 1.745011e-01 -1.175672e-01 -5.383341e-01 -3.459516e-01 -2.941059e-01 -5.127793e-02 1.974652e-01 1.885470e-01 1.813911e-01 -1.251399e-01 2.083026e-01 -2.502564e-01 -2.844402e-01 -2.331314e-01 1.834109e-01 3.861381e-01 2.005723e-01 3.809823e-02 1.347001e-01 3.213027e-02 1.556509e-01 -2.396938e-01
<VARIANCE> 39
 2.024035e+01 6.345404e+01 8.260606e+01 8.788783e+01 5.205649e+01 5.895370e+01 6.611307e+01 5.416714e+01 7.351583e+01 3.461681e+01 6.488022e+01 2.407662e+01 4.816138e+01 1.022470e+00 1.543196e+00 2.989319e+00 2.459784e+00 1.928542e+00 2.487084e+00 2.892587e+00 2.143805e+00 2.284618e+00 2.009225e+00 2.134127e+00 2.009382e+00 8.041963e-01 1.825601e-01 3.661847e-01 3.970970e-01 3.137615e-01 2.679446e-01 4.400314e-01 4.172721e-01 4.695086e-01 4.095170e-01 3.072010e-01 4.745776e-01 2.824506e-01 1.685922e-01
<GCONST> 1.171949e+02
<STATE> 4
<MEAN> 39
 -4.805007e+00 4.837050e-01 3.505368e+00 1.582064e+00 3.308139e+00 4.610055e-01 -4.437542e+00 -6.655523e+00 -2.870347e+00 -5.806620e+00 3.755950e-01 3.685176e-01 7.367537e+01 -1.369229e-01 4.239734e-01 -2.069960e-01 -6.900547e-02 -2.573394e-01 1.469760e-01 5.171805e-01 3.388159e-01 3.510135e-01 1.855881e-01 -2.409404e-01 6.100281e-02 -4.351813e-01 -1.124439e-01 -6.703102e-02 5.855290e-02 9.090173e-02 3.185427e-02 -2.110360e-02 3.140184e-02 4.409274e-02 6.009612e-02 6.100862e-03 1.838769e-02 -2.734150e-02 -5.714430e-02
<VARIANCE> 39
 1.586382e+01 7.246157e+01 2.451332e+01 5.858448e+01 3.625693e+01 5.108433e+01 5.505592e+01 2.985742e+01 9.114495e+01 5.712584e+01 8.589311e+01 4.062934e+01 5.851446e+01 6.989424e-01 1.519488e+00 1.510362e+00 1.916450e+00 1.528596e+00 2.016003e+00 2.531892e+00 1.914617e+00 2.716320e+00 1.676154e+00 3.256541e+00 1.655760e+00 8.339624e-01 6.217646e-02 2.517158e-01 2.127666e-01 2.745453e-01 1.979029e-01 3.120336e-01 3.718443e-01 2.700738e-01 4.919969e-01 2.853861e-01 4.891452e-01 3.210379e-01 9.215292e-02
<GCONST> 1.102744e+02
<TRANSP> 5
 0.000000e+00 1.000000e+00 0.000000e+00 0.000000e+00 0.000000e+00
 0.000000e+00 7.848776e-01 2.151224e-01 0.000000e+00 0.000000e+00
 0.000000e+00 0.000000e+00 6.686442e-01 3.313557e-01 0.000000e+00
 0.000000e+00 0.000000e+00 0.000000e+00 7.784104e-01 2.215896e-01
 0.000000e+00 0.000000e+00 0.000000e+00 0.000000e+00 0.000000e+00
<ENDHMM>
~h "o"
<BEGINHMM>
<NUMSTATES> 5
<STATE> 2
<MEAN> 39
 -1.276739e+00 -2.019296e+00 5.137527e+00 -8.060728e+00 -2.980584e+00 6.251715e-01 -9.110294e+00 -4.379599e+00 9.396919e+00 -1.326791e+01 -9.659126e+00 8.861639e-01 7.924988e+01 5.542006e-01 -3.876876e-01 1.518691e-01 2.034699e-01 2.483209e-01 -3.142729e-01 -7.166346e-01 -1.274412e-01 -3.399607e-02 -2.476928e-01 -4.031078e-02 7.536159e-02 5.878405e-01 -2.105043e-01 4.559062e-02 6.281935e-03 3.635222e-02 6.245278e-02 6.944723e-02 1.067525e-01 5.181957e-02 1.646672e-02 5.763201e-02 8.950265e-02 -2.811136e-02 -2.068302e-01
<VARIANCE> 39
 1.273139e+01 5.632969e+01 4.360366e+01 1.022597e+02 1.027481e+02 7.890788e+01 8.283403e+01 4.228271e+01 1.569287e+02 5.241410e+01 6.309291e+01 3.548014e+01 2.442712e+01 2.264074e+00 5.466586e+00 2.530953e+00 3.388205e+00 3.920043e+00 4.211377e+00 6.545957e+00 2.015499e+00 4.073048e+00 3.241232e+00 3.376878e+00 2.475401e+00 3.137534e+00 2.828199e-01 8.587394e-01 3.822356e-01 4.403142e-01 5.374188e-01 7.412982e-01 9.683444e-01 3.550276e-01 5.896474e-01 5.576534e-01 5.219070e-01 4.301529e-01 4.587898e-01
<GCONST> 1.310661e+02
<STATE> 3
<MEAN> 39
 -2.958634e-01 6.659931e-01 1.003110e+00 -4.518683e+00 -4.975102e+00 -8.561142e+00 -5.860685e+00 -4.161868e+00 -2.332582e+00 -8.255476e+00 -2.298867e+00 1.058368e-01 7.792313e+01 -3.340450e-01 5.374982e-01 3.755795e-01 3.361622e-01 2.224785e-01 3.237315e-01 9.789784e-02 -5.562978e-02 1.793285e-02 -2.020225e-04 1.670858e-01 9.029716e-03 -4.856982e-01 -2.152034e-01 1.245122e-01 8.905140e-02 1.209316e-01 1.860689e-01 3.535178e-01 1.954197e-01 -3.844907e-02 5.870105e-02 6.144641e-02 -1.245674e-02 -2.861455e-02 -2.287295e-01
<VARIANCE> 39
 3.646863e+00 4.594164e+01 5.862772e+01 3.714740e+01 7.113547e+01 3.679151e+01 8.544757e+01 2.280203e+01 1.829799e+02 4.724427e+01 5.529951e+01 2.986775e+01 1.884341e+01 2.831399e-01 1.065132e+00 9.916054e-01 1.070487e+00 1.974500e+00 3.073654e+00 1.368911e+00 1.329230e+00 1.659500e+00 1.581996e+00 1.042910e+00 1.188014e+00 5.199912e-01 6.376862e-02 1.862840e-01 2.039883e-01 1.849398e-01 2.577979e-01 2.948861e-01 2.644221e-01 2.080252e-01 3.480029e-01 2.695533e-01 2.297029e-01 2.024830e-01 6.094546e-02
<GCONST> 9.970805e+01
<STATE> 4
<MEAN> 39
 -8.738723e+00 1.344330e+00 8.213846e+00 3.431301e+00 3.780334e+00 1.080964e+00 -6.174073e+00 -4.989382e+00 6.405205e+00 -5.723203e+00 -3.247823e+00 -3.680706e+00 6.995131e+01 -1.014252e+00 1.827274e-01 -3.445708e-01 3.959226e-01 4.282659e-01 9.152145e-01 1.095270e+00 3.143644e-01 2.527100e-01 5.927585e-01 9.498104e-02 -3.312844e-02 -1.299913e+00 -4.335190e-02 -9.445007e-02 -1.021813e-01 -1.153467e-01 -1.311040e-01 -1.045328e-01 6.759892e-02 7.690403e-02 -1.931239e-02 9.837083e-03 7.158342e-02 5.734927e-02 -2.460843e-02
<VARIANCE> 39
 2.038190e+01 7.029484e+01 6.161381e+01 5.951807e+01 7.799587e+01 3.492783e+01 7.273780e+01 2.648575e+01 1.203051e+02 5.185208e+01 5.057240e+01 3.478357e+01 5.646708e+01 4.600566e-01 1.627010e+00 1.400830e+00 1.232166e+00 1.791189e+00 1.899306e+00 2.210646e+00 1.562176e+00 2.671835e+00 1.552422e+00 1.678730e+00 1.516503e+00 5.094265e-01 6.586481e-02 1.909413e-01 2.062266e-01 1.763934e-01 2.338406e-01 3.149257e-01 3.473575e-01 2.853811e-01 3.368935e-01 2.688470e-01 2.260508e-01 2.041048e-01 4.057478e-02
<GCONST> 1.059803e+02
<TRANSP> 5
 0.000000e+00 1.000000e+00 0.000000e+00 0.000000e+00 0.000000e+00
 0.000000e+00 8.576259e-01 1.423740e-01 0.000000e+00 0.000000e+00
 0.000000e+00 0.000000e+00 8.558783e-01 1.441217e-01 0.000000e+00
 0.000000e+00 0.000000e+00 0.000000e+00 8.263179e-01 1.736821e-01
 0.000000e+00 0.000000e+00 0.000000e+00 0.000000e+00 0.000000e+00
<ENDHMM>
~h "p"
<BEGINHMM>
<NUMSTATES> 5
<STATE> 2
<MEAN> 39
 -1.999041e+01 1.698053e+00 -1.807571e+00 -7.888014e-01 1.244395e+00 2.655354e+00 3.268579e+00 -7.109146e-01 4.240058e+00 -1.520206e+00 8.916407e-01 -1.873579e+00 5.131997e+01 -8.878860e-02 -1.224076e-02 -3.173903e-02 6.522521e-03 -1.292757e-02 -4.997275e-02 -3.633511e-02 -2.151960e-02 -5.036938e-02 -2.596888e-02 -3.967190e-02 -7.134983e-02 -1.415094e-01 1.914510e-02 1.106407e-03 2.518995e-02 9.609131e-03 1.590054e-03 2.312293e-02 2.061930e-02 1.864203e-03 -1.179608e-03 9.018366e-03 1.639993e-02 2.320754e-02 2.999260e-02
<VARIANCE> 39
 5.346605e+00 3.425080e+00 5.197032e+00 4.860148e+00 8.218438e+00 8.873425e+00 8.560087e+00 2.563063e+01 1.209329e+01 1.931347e+01 8.948028e+00 9.627016e+00 4.556815e+01 1.418003e-01 3.122717e-01 3.605298e-01 4.149061e-01 5.899398e-01 7.647653e-01 7.420039e-01 8.145832e-01 9.140536e-01 8.050722e-01 9.276758e-01 7.623447e-01 2.392202e-01 2.138031e-02 6.664761e-02 7.537121e-02 8.758635e-02 1.188955e-01 1.540107e-01 1.508026e-01 1.645153e-01 1.837417e-01 1.622491e-01 1.710113e-01 1.479453e-01 2.039362e-02
<GCONST> 6.246981e+01
<STATE> 3
<MEAN> 39
 -1.627147e+01 2.716577e+00 -2.620243e+00 -2.452489e+00 -1.626820e+00 -5.125462e-01 1.274727e+00 -1.671954e+00 2.111774e+00 -1.734812e+00 -3.564959e-01 -1.158017e+00 5.625404e+01 -5.932019e-01 -8.147736e-02 -3.626477e-02 1.036203e-01 3.161163e-01 2.890442e-01 -1.192461e-02 4.908490e-02 5.048071e-03 3.011705e-01 4.888937e-01 2.662046e-01 -7.915124e-01 2.294291e-02 -1.785452e-01 7.093834e-02 3.090185e-02 2.362637e-02 1.386485e-01 1.537563e-01 2.752887e-02 -4.923658e-05 5.331799e-02 3.649933e-02 -4.983637e-03 2.748575e-01
<VARIANCE> 39
 3.046730e+01 5.084835e+00 5.193495e+00 1.051854e+01 1.461635e+01 1.811965e+01 1.306340e+01 2.297923e+01 2.835893e+01 1.416261e+01 1.017846e+01 8.552855e+00 5.016340e+01 4.945991e-01 2.802490e-01 4.259888e-01 5.723019e-01 7.223365e-01 8.125674e-01 8.795385e-01 9.188226e-01 1.133945e+00 9.401725e-01 8.499047e-01 8.568349e-01 1.016895e+00 5.054618e-02 1.284856e-01 9.254352e-02 1.191666e-01 1.871326e-01 1.562022e-01 1.979755e-01 2.076483e-01 2.468607e-01 1.600668e-01 2.048799e-01 1.583959e-01 1.349210e-01
<GCONST> 7.708150e+01
<STATE> 4
<MEAN> 39
 -1.799371e+01 2.215659e+00 -2.431407e+00 -2.057725e+00 -5.729635e-01 8.369621e-01 2.530382e+00 -2.574478e-01 2.862220e+00 -5.403038e-01 1.004598e+00 -7.230678e-01 5.559067e+01 -1.592729e-01 -4.342592e-01 1.595183e-01 1.208030e-01 1.837810e-01 4.198894e-01 2.061471e-01 -3.035125e-01 -3.937967e-01 9.509124e-02 2.604061e-01 7.664640e-02 2.142995e-01 3.530882e-01 -2.606794e-01 1.027223e-01 -1.501599e-01 -1.462942e-01 -2.748476e-02 3.297479e-02 -2.564241e-01 -3.343438e-01 -1.589747e-01 -1.123405e-01 -3.036918e-02 7.823583e-01
<VARIANCE> 39
 1.797334e+01 4.893327e+00 4.918756e+00 7.949965e+00 1.139666e+01 1.216771e+01 1.269107e+01 2.395076e+01 2.024434e+01 1.399754e+01 9.975248e+00 1.107291e+01 3.466828e+01 1.183288e+00 9.893064e-01 7.260147e-01 1.053203e+00 1.343434e+00 1.061099e+00 8.431434e-01 1.372821e+00 2.188005e+00 9.080843e-01 9.696413e-01 7.619047e-01 1.674323e+00 2.099677e-01 2.488035e-01 1.715466e-01 2.382418e-01 3.585321e-01 2.468508e-01 3.495372e-01 3.064759e-01 4.538298e-01 2.379149e-01 2.890174e-01 2.208177e-01 5.745437e-01
<GCONST> 8.931612e+01
<TRANSP> 5
 0.000000e+00 1.000000e+00 0.000000e+00 0.000000e+00 0.000000e+00
 0.000000e+00 9.067721e-01 9.322791e-02 0.000000e+00 0.000000e+00
 0.000000e+00 0.000000e+00 2.188183e-01 7.811816e-01 0.000000e+00
 0.000000e+00 0.000000e+00 0.000000e+00 3.268743e-01 6.731256e-01
 0.000000e+00 0.000000e+00 0.000000e+00 0.000000e+00 0.000000e+00
<ENDHMM>
~h "r"
<BEGINHMM>
<NUMSTATES> 5
<STATE> 2
<MEAN> 39
 -9.387171e+00 -3.145764e+00 -7.604800e-01 -4.917636e+00 -3.818703e+00 4.642633e-01 3.423506e+00 -4.442060e+00 -2.372737e+00 -4.747001e+00 4.153197e-01 7.668833e-01 7.097038e+01 2.205588e+00 -9.116930e-01 -1.272225e-01 -1.072762e+00 -1.160540e+00 -5.202128e-01 1.748097e-01 -3.575563e-01 -7.737932e-01 -7.228918e-02 -2.373861e-01 3.796431e-01 3.084463e+00 7.893305e-02 2.087208e-01 -6.019327e-02 -3.860886e-02 4.661374e-02 -1.440616e-01 -1.551841e-01 9.057543e-02 3.201761e-01 1.296649e-01 -1.966425e-01 -8.707399e-02 -1.946370e-01
<VARIANCE> 39
 4.369079e+01 4.718513e+01 2.658891e+01 3.940633e+01 5.532446e+01 2.886962e+01 4.634525e+01 3.543715e+01 8.683672e+01 4.952698e+01 4.657655e+01 2.031176e+01 8.432911e+01 4.134000e+00 4.981332e+00 2.360470e+00 4.031130e+00 4.294086e+00 3.407954e+00 4.217771e+00 3.704802e+00 4.874957e+00 4.869286e+00 3.891115e+00 2.476409e+00 8.980588e+00 8.043538e-01 7.727593e-01 4.253496e-01 6.645066e-01 7.920080e-01 5.892040e-01 5.636717e-01 5.283008e-01 6.510192e-01 6.725610e-01 4.192961e-01 3.192896e-01 1.363758e+00
<GCONST> 1.327950e+02
<STATE> 3
<MEAN> 39
 -1.721532e+00 -3.783158e+00 -2.057909e+00 -7.237683e+00 -6.224609e+00 -3.220814e+00 3.529900e+00 -5.556209e+00 -2.577160e+00 -2.516618e+00 -1.252907e+00 1.814004e+00 7.863673e+01 -9.142730e-02 6.515276e-01 3.888448e-02 1.046895e-01 2.283643e-01 3.097325e-02 -3.563632e-01 5.413758e-02 4.087005e-01 -1.767322e-01 -1.918317e-01 -2.112736e-01 -4.528424e-01 -3.187707e-01 1.219912e-01 1.204648e-01 1.648929e-01 1.563202e-01 1.443742e-01 -3.865465e-02 6.123415e-02 1.124253e-01 -3.667816e-02 2.475303e-02 -3.006265e-02 -3.389750e-01
<VARIANCE> 39
 1.012962e+01 4.436581e+01 2.542831e+01 4.841766e+01 4.158753e+01 3.720384e+01 6.049654e+01 5.000346e+01 1.020445e+02 7.164755e+01 7.473104e+01 4.017849e+01 3.156773e+01 9.510767e-01 1.977844e+00 1.300740e+00 1.704776e+00 1.402677e+00 1.779404e+00 2.240562e+00 1.604312e+00 1.895650e+00 2.167285e+00 1.730717e+00 1.298371e+00 1.761513e+00 2.353340e-01 3.031565e-01 2.149766e-01 2.581302e-01 2.275827e-01 3.510576e-01 3.883274e-01 2.934854e-01 3.824295e-01 3.849942e-01 3.717547e-01 2.729717e-01 2.352814e-01
<GCONST> 1.111461e+02
<STATE> 4
<MEAN> 39
 -1.176879e+01 2.511389e+00 -1.469750e+00 -1.717655e+00 8.226546e-01 1.211833e+00 1.880448e+00 -2.635138e+00 -3.854248e-01 -2.762325e+00 8.845800e-01 3.913780e-01 6.434023e+01 -6.502566e-01 -1.601466e-01 1.213547e-01 4.595411e-02 2.846077e-01 2.049240e-01 -8.780111e-02 1.017387e-01 1.354502e-01 3.891863e-02 -3.806305e-02 4.253045e-02 -5.648118e-01 2.185788e-01 -1.768545e-01 -5.852450e-02 -5.223617e-02 -1.266349e-01 -1.802032e-01 -5.510057e-02 -6.215731e-02 -1.374259e-01 3.333928e-03 1.488426e-02 3.590238e-02 2.883737e-01
<VARIANCE> 39
 4.483880e+01 2.227388e+01 1.753925e+01 2.215082e+01 2.794819e+01 2.634250e+01 1.805286e+01 3.094148e+01 6.706062e+01 3.678333e+01 2.543318e+01 1.463097e+01 5.175694e+01 4.169403e+00 2.047484e+00 1.653722e+00 1.390732e+00 1.481452e+00 2.253580e+00 1.967449e+00 2.631650e+00 4.222690e+00 2.093635e+00 1.797124e+00 1.492830e+00 3.814596e+00 5.122910e-01 3.671709e-01 2.897475e-01 2.589539e-01 2.568851e-01 3.851075e-01 3.702700e-01 3.863910e-01 4.884784e-01 4.027525e-01 3.547960e-01 2.722139e-01 3.644605e-01
<GCONST> 1.119905e+02
<TRANSP> 5
 0.000000e+00 1.000000e+00 0.000000e+00 0.000000e+00 0.000000e+00
 0.000000e+00 6.999068e-01 3.000931e-01 0.000000e+00 0.000000e+00
 0.000000e+00 0.000000e+00 8.400096e-01 1.599904e-01 0.000000e+00
 0.000000e+00 0.000000e+00 0.000000e+00 8.197036e-01 1.802964e-01
 0.000000e+00 0.000000e+00 0.000000e+00 0.000000e+00 0.000000e+00
<ENDHMM>
~h "s"
<BEGINHMM>
<NUMSTATES> 5
<STATE> 2
<MEAN> 39
 -1.394463e+01 -3.073685e+00 3.311074e+00 -2.052381e-01 9.814893e-01 2.381213e+00 5.521302e-01 -5.528113e+00 -2.436141e+00 -5.177105e+00 6.425123e-01 1.970011e-01 6.535731e+01 -1.230587e+00 -1.725293e+00 1.867984e+00 -3.525976e-01 -3.001477e-01 5.048102e-01 1.796885e-01 -4.270896e-01 8.864786e-02 3.260173e-01 5.256104e-01 -4.368772e-01 1.338832e+00 -3.652282e-01 -3.812871e-01 3.601106e-01 -3.350970e-01 -1.634038e-01 -1.165043e-02 -2.494372e-03 -6.818317e-03 1.997414e-02 6.045785e-02 7.503054e-02 -1.273491e-01 3.168041e-01
<VARIANCE> 39
 6.087291e+01 4.423470e+01 5.498166e+01 3.032743e+01 2.832495e+01 2.821924e+01 3.173314e+01 3.853705e+01 7.922931e+01 4.489956e+01 2.673718e+01 2.069783e+01 1.560375e+02 4.716004e+00 4.093682e+00 4.260813e+00 2.693352e+00 2.224070e+00 2.772222e+00 3.745400e+00 2.842949e+00 3.475003e+00 2.786479e+00 2.385544e+00 1.257028e+00 4.068968e+00 4.029193e-01 6.253825e-01 5.938174e-01 3.920500e-01 3.622797e-01 5.185404e-01 5.321568e-01 4.883342e-01 4.832923e-01 3.998814e-01 3.449839e-01 2.160487e-01 4.909995e-01
<GCONST> 1.238801e+02
<STATE> 3
<MEAN> 39
 -2.793281e+01 -1.717389e+01 1.783878e+01 -7.325101e+00 -2.847002e+00 5.232787e+00 2.949570e+00 -7.924037e+00 -5.826230e-01 -1.669466e+00 5.348271e+00 -4.111746e+00 7.888091e+01 -5.014124e-01 -5.766304e-01 1.930944e-01 -3.196350e-01 4.258812e-02 -2.235515e-02 -1.145698e-01 -8.671913e-02 2.378760e-01 1.047467e-01 9.197098e-02 -2.246745e-01 3.774478e-01 6.422578e-01 4.347431e-01 -4.171220e-01 4.370536e-01 2.378241e-01 -1.291668e-02 -2.192202e-01 -9.373224e-02 -1.128680e-01 -1.378990e-01 -1.703022e-01 8.119830e-02 -2.607908e-01
<VARIANCE> 39
 2.177301e+01 2.792668e+01 2.173057e+01 2.480469e+01 3.332720e+01 2.196457e+01 3.437968e+01 3.829131e+01 3.992339e+01 3.621142e+01 2.409185e+01 1.856036e+01 3.745513e+01 3.462834e+00 1.667670e+00 3.092883e+00 2.822010e+00 1.852497e+00 1.327672e+00 1.779512e+00 1.629981e+00 1.295278e+00 1.436989e+00 1.296487e+00 1.304065e+00 1.881340e+00 2.705512e-01 3.847848e-01 4.123708e-01 3.342588e-01 2.857570e-01 2.852635e-01 3.421356e-01 3.360179e-01 2.951641e-01 3.023014e-01 3.015915e-01 2.076990e-01 9.675334e-02
<GCONST> 1.063848e+02
<STATE> 4
<MEAN> 39
 -1.356951e+01 -1.246472e+01 1.455343e+01 2.828383e+00 7.303184e+00 5.193487e+00 -8.177374e+00 -1.031367e+01 6.978331e-01 -7.833613e+00 -3.183453e-01 -4.000312e+00 7.894948e+01 2.364813e+00 1.364430e+00 -7.189981e-01 1.559924e+00 1.084376e+00 -4.573629e-01 -1.249344e+00 -6.641082e-01 -8.566117e-01 -8.408377e-01 -6.006014e-01 6.778447e-02 1.455723e-01 -1.608307e-01 -4.306183e-02 -6.850417e-02 -2.376729e-01 -1.803994e-01 -1.832024e-01 1.522062e-01 7.451234e-02 -2.156029e-02 6.961763e-02 1.000669e-01 4.146344e-02 7.594778e-02
<VARIANCE> 39
 8.610615e+01 6.595784e+01 3.416015e+01 6.054867e+01 5.112221e+01 4.034581e+01 7.609720e+01 4.084068e+01 7.154105e+01 7.857027e+01 6.541126e+01 2.890513e+01 3.427781e+01 7.965117e+00 5.544100e+00 2.657150e+00 6.332464e+00 3.736874e+00 3.600292e+00 5.222454e+00 3.241909e+00 4.404195e+00 4.332492e+00 3.997663e+00 1.950269e+00 1.173354e+00 9.611782e-01 8.651234e-01 3.430127e-01 8.539964e-01 5.401577e-01 5.803267e-01 8.148741e-01 5.567731e-01 7.370272e-01 6.714810e-01 5.791957e-01 3.466419e-01 1.729255e-01
<GCONST> 1.331180e+02
<TRANSP> 5
 0.000000e+00 1.000000e+00 0.000000e+00 0.000000e+00 0.000000e+00
 0.000000e+00 8.193951e-01 1.806049e-01 0.000000e+00 0.000000e+00
 0.000000e+00 0.000000e+00 8.829621e-01 1.170379e-01 0.000000e+00
 0.000000e+00 0.000000e+00 0.000000e+00 8.452073e-01 1.547926e-01
 0.000000e+00 0.000000e+00 0.000000e+00 0.000000e+00 0.000000e+00
<ENDHMM>
~h "t"
<BEGINHMM>
<NUMSTATES> 5
<STATE> 2
<MEAN> 39
 -1.462043e+01 -5.203062e+00 4.674722e+00 -1.754263e-01 2.019807e+00 1.353100e+00 -2.888948e+00 -7.013275e+00 -7.586108e-01 -3.567386e+00 2.152844e+00 -1.610584e+00 7.002554e+01 1.461028e+00 -4.727697e-01 1.124099e-01 8.846461e-03 -2.721651e-01 -5.308011e-01 -5.992072e-01 -5.672269e-01 -5.867063e-01 -5.492234e-01 -3.131668e-01 1.521084e-01 1.788343e+00 1.466920e-01 1.094452e-01 -4.632408e-02 -1.101781e-01 -1.896310e-02 -6.414285e-02 5.504204e-02 1.292819e-01 3.404680e-02 4.667466e-03 -4.083414e-02 8.443689e-02 4.281937e-03
<VARIANCE> 39
 7.112947e+01 9.650239e+01 5.001849e+01 5.959848e+01 5.677192e+01 3.717508e+01 4.697787e+01 4.610412e+01 8.239574e+01 4.411505e+01 4.396192e+01 1.827055e+01 7.447129e+01 7.195304e+00 6.791951e+00 5.151710e+00 6.412134e+00 4.699306e+00 3.196880e+00 4.799158e+00 5.447412e+00 5.877648e+00 3.713258e+00 3.304715e+00 1.614190e+00 9.238720e+00 1.034277e+00 1.102530e+00 8.974327e-01 1.036819e+00 9.464525e-01 5.966616e-01 8.033023e-01 1.091066e+00 9.536815e-01 5.713480e-01 5.357875e-01 2.551548e-01 1.394256e+00
<GCONST> 1.404757e+02
<STATE> 3
<MEAN> 39
 -5.182888e+00 -1.253060e+01 2.667063e+00 -8.530229e+00 -4.419567e+00 -3.597754e+00 4.801697e+00 -1.286339e+01 -5.068822e+00 -2.698305e+00 -5.917335e-01 3.528144e+00 8.330653e+01 1.727346e-01 5.982175e-02 1.466542e-02 4.985185e-02 4.049097e-02 2.087371e-02 1.035122e-03 -8.167870e-03 -1.373499e-01 -2.555528e-01 3.451259e-02 1.661576e-01 -1.114311e-02 -2.090656e-01 8.776102e-02 -2.525600e-02 3.872285e-02 4.803957e-02 1.234590e-01 -2.708473e-02 8.495908e-02 7.395086e-02 -2.343177e-02 5.189157e-02 -5.232653e-02 -2.203679e-01
<VARIANCE> 39
 9.036745e+01 4.395901e+01 7.288921e+01 4.996955e+01 2.170506e+01 2.251129e+01 5.384876e+01 2.966764e+01 4.508784e+01 6.027020e+01 5.293007e+01 1.538859e+01 1.043776e+01 4.202691e+00 3.051748e+00 2.508220e+00 2.689839e+00 1.259603e+00 1.952707e+00 2.493529e+00 2.026246e+00 1.798307e+00 2.736766e+00 1.927471e+00 1.084421e+00 1.224375e+00 5.479435e-01 4.632067e-01 2.839049e-01 4.381104e-01 2.518579e-01 3.826941e-01 4.301505e-01 2.962118e-01 3.733563e-01 4.550119e-01 2.721870e-01 1.842444e-01 2.982867e-01
<GCONST> 1.143713e+02
<STATE> 4
<MEAN> 39
 -7.495411e+00 -9.012635e+00 2.255031e+00 -7.426291e+00 -4.071584e+00 1.119422e+00 -3.630987e+00 -1.584941e+00 3.243589e+00 -1.154788e+01 6.214759e-01 2.962031e+00 7.967752e+01 -3.260933e-01 2.073658e-01 -1.488227e-01 1.334515e-01 2.650089e-01 2.887132e-01 1.520712e-01 6.584574e-02 5.775666e-02 7.260212e-02 4.664453e-02 4.912682e-03 -4.829480e-01 -5.609076e-02 -2.301243e-02 -2.810891e-02 -1.580523e-02 3.205730e-02 -2.528465e-02 7.540285e-03 -4.111719e-02 1.048577e-02 5.005744e-02 2.416049e-02 -2.565186e-02 -5.075047e-02
<VARIANCE> 39
 7.170251e+01 8.683908e+01 3.239970e+01 6.646182e+01 4.583292e+01 3.985296e+01 5.389845e+01 4.905634e+01 6.153014e+01 5.071316e+01 3.468841e+01 3.756757e+01 8.326376e+01 1.829713e+00 2.909032e+00 1.919329e+00 1.837659e+00 2.437349e+00 1.696889e+00 2.922860e+00 2.598815e+00 2.321778e+00 2.092816e+00 1.676139e+00 1.090940e+00 2.267869e+00 2.473487e-01 3.444557e-01 3.304020e-01 3.012163e-01 3.659944e-01 3.087481e-01 4.905627e-01 4.384744e-01 4.528523e-01 4.150623e-01 3.134559e-01 2.303631e-01 1.653745e-01
<GCONST> 1.179157e+02
<TRANSP> 5
 0.000000e+00 1.000000e+00 0.000000e+00 0.000000e+00 0.000000e+00
 0.000000e+00 8.876037e-01 1.123964e-01 0.000000e+00 0.000000e+00
 0.000000e+00 0.000000e+00 8.920437e-01 1.079564e-01 0.000000e+00
 0.000000e+00 0.000000e+00 0.000000e+00 8.992469e-01 1.007531e-01
 0.000000e+00 0.000000e+00 0.000000e+00 0.000000e+00 0.000000e+00
<ENDHMM>
~h "u"
<BEGINHMM>
<NUMSTATES> 5
<STATE> 2
<MEAN> 39
 -6.788924e+00 3.204524e+00 6.321223e+00 4.855591e+00 5.766065e+00 5.282730e+00 -1.801566e-01 -7.463396e+00 -2.498310e+00 -7.386425e+00 -2.421168e+00 -2.210127e+00 7.117174e+01 1.013205e-01 -7.751501e-01 -7.873110e-02 1.105219e-01 -9.757716e-02 -5.845888e-01 -2.345602e-01 2.668089e-01 4.753610e-02 2.995158e-01 4.790078e-02 1.658252e-01 7.299424e-01 1.304504e-02 -4.912950e-01 -7.652469e-03 -2.342354e-01 -3.168871e-02 -1.100135e-01 -3.480271e-01 -1.296444e-01 -6.661715e-02 -2.833946e-01 -3.620778e-02 1.235928e-01 3.650252e-01
<VARIANCE> 39
 1.795993e+01 5.980220e+01 2.739558e+01 3.041039e+01 4.014259e+01 4.282513e+01 2.639739e+01 2.907283e+01 6.924998e+01 3.609786e+01 4.073076e+01 1.405133e+01 3.400890e+01 2.544172e+00 1.095176e+01 2.330276e+00 1.988692e+00 3.012996e+00 2.750018e+00 3.666734e+00 3.078639e+00 2.704010e+00 3.208630e+00 3.681125e+00 1.833176e+00 5.654500e+00 4.245265e-01 1.273197e+00 4.354639e-01 4.095893e-01 6.507476e-01 5.148067e-01 5.853513e-01 5.956184e-01 5.040330e-01 5.386525e-01 5.896389e-01 2.997146e-01 5.777744e-01
<GCONST> 1.243039e+02
<STATE> 3
<MEAN> 39
 -4.781391e+00 -8.046391e+00 6.831961e+00 3.589634e+00 5.683553e+00 -7.328646e-02 -8.803880e+00 -9.095257e+00 -4.024945e+00 -1.060728e+01 -1.865534e+00 5.966269e-01 8.034122e+01 1.628380e+00 -9.946207e-01 -4.654860e-01 -1.023126e+00 1.817021e-01 -1.309754e+00 -2.027566e+00 -9.169717e-01 -1.255414e+00 -1.161106e+00 3.440585e-01 1.002186e+00 1.503730e+00 -1.338809e-01 6.258693e-01 -1.058962e-01 -2.811344e-01 -1.892962e-01 9.010682e-02 6.329696e-01 2.265852e-01 8.863624e-02 3.570019e-01 2.701405e-01 1.274493e-01 -6.057234e-01
<VARIANCE> 39
 2.259189e+01 5.112054e+01 5.351777e+01 6.515836e+01 6.803513e+01 5.173764e+01 8.032331e+01 5.136635e+01 8.590413e+01 6.275320e+01 6.376325e+01 2.527121e+01 2.796719e+01 2.180365e+00 4.286649e+00 4.121209e+00 4.234344e+00 5.873119e+00 2.918819e+00 5.409889e+00 4.533185e+00 3.181437e+00 3.805091e+00 4.179141e+00 2.336937e+00 2.591763e+00 5.928272e-01 7.969902e-01 6.041097e-01 5.107870e-01 8.462017e-01 5.510639e-01 9.056344e-01 8.997498e-01 4.978619e-01 6.527584e-01 4.985192e-01 2.799177e-01 3.660470e-01
<GCONST> 1.325544e+02
<STATE> 4
<MEAN> 39
 -1.567022e+00 -6.867850e+00 1.399364e+00 -4.496989e+00 -2.056812e+00 -2.547377e+00 -4.194982e+00 -7.631591e+00 -4.262494e+00 -8.040267e+00 1.519997e+00 4.536464e+00 8.081377e+01 -1.794638e-01 6.011982e-01 -3.812417e-01 -3.666209e-01 -4.918354e-01 1.214918e-01 5.103993e-01 3.774306e-01 4.664938e-01 5.385503e-01 4.217398e-01 -4.984092e-02 -5.361651e-01 -2.341826e-01 1.973176e-01 3.425064e-02 1.678650e-01 1.411242e-01 1.456521e-01 6.023557e-02 1.100301e-01 1.337656e-01 -6.161947e-03 -3.822979e-02 -9.514821e-02 -3.015384e-01
<VARIANCE> 39
 6.946557e+00 4.203602e+01 2.596686e+01 6.304305e+01 5.450550e+01 3.097073e+01 1.055515e+02 6.403741e+01 1.124907e+02 6.939388e+01 6.151456e+01 3.363640e+01 2.453658e+01 4.313332e-01 1.582467e+00 8.609498e-01 1.768123e+00 1.598645e+00 1.585227e+00 2.384837e+00 1.613170e+00 1.609397e+00 1.821230e+00 1.438464e+00 1.275872e+00 1.016945e+00 6.600612e-02 1.924269e-01 1.802284e-01 2.547981e-01 2.275450e-01 2.942438e-01 4.394957e-01 3.146756e-01 2.457895e-01 3.636496e-01 2.370317e-01 1.919961e-01 8.755705e-02
<GCONST> 1.047481e+02
<TRANSP> 5
 0.000000e+00 1.000000e+00 0.000000e+00 0.000000e+00 0.000000e+00
 0.000000e+00 7.527685e-01 2.472316e-01 0.000000e+00 0.000000e+00
 0.000000e+00 0.000000e+00 5.880576e-01 4.119424e-01 0.000000e+00
 0.000000e+00 0.000000e+00 0.000000e+00 8.018814e-01 1.981186e-01
 0.000000e+00 0.000000e+00 0.000000e+00 0.000000e+00 0.000000e+00
<ENDHMM>
~h "w"
<BEGINHMM>
<NUMSTATES> 5
<STATE> 2
<MEAN> 39
 -2.690876e+00 -5.623119e+00 7.920802e+00 4.958506e-01 7.131299e+00 6.024631e+00 -1.083152e+01 -9.134570e+00 8.825624e+00 -8.566996e+00 -9.167221e+00 -5.048827e+00 8.079736e+01 2.349374e-01 1.668343e-01 -5.801391e-01 -8.741310e-01 -8.647552e-01 -5.953164e-01 2.862474e-01 1.025922e+00 -1.119046e-01 -2.329575e-01 4.970370e-01 4.671035e-01 9.400894e-02 -9.247349e-02 -7.618839e-02 3.268350e-02 1.096748e-01 -1.560912e-02 5.973707e-02 7.213797e-02 8.586670e-02 -6.343483e-02 -3.994296e-02 4.660453e-02 2.416790e-02 -1.190257e-02
<VARIANCE> 39
 5.691264e+00 4.879829e+01 3.730270e+01 4.228208e+01 1.069218e+02 1.099846e+02 3.788879e+01 6.368280e+01 1.662172e+02 3.931747e+01 9.067370e+01 5.525441e+01 1.892201e+01 2.991392e-01 1.800821e+00 1.496305e+00 2.031010e+00 3.982026e+00 6.629533e+00 2.338738e+00 4.899600e+00 5.017416e+00 2.248172e+00 4.190767e+00 3.228032e+00 1.003450e+00 8.792453e-02 2.234126e-01 2.607770e-01 3.883404e-01 6.325364e-01 8.391275e-01 3.662365e-01 5.980892e-01 6.779684e-01 3.677862e-01 7.347671e-01 4.168170e-01 1.116456e-01
<GCONST> 1.201725e+02
<STATE> 3
<MEAN> 39
 -1.690106e+00 -8.852801e+00 1.989116e+00 -8.644615e+00 -3.739188e+00 4.904692e-01 -2.974998e+00 -1.425488e+00 1.609302e+00 -1.491624e+01 -3.703582e+00 6.603797e+00 8.384422e+01 -6.213391e-02 9.039188e-02 -1.699771e-02 6.465356e-02 1.958269e-02 2.288454e-01 1.251171e-01 -3.555189e-02 -3.956299e-02 -1.406458e-01 7.256084e-02 1.071833e-01 -9.756673e-02 -3.239054e-02 1.050204e-01 2.040559e-02 9.926774e-02 6.827065e-02 8.056934e-02 -1.013172e-02 -6.309460e-02 7.176564e-02 -1.958864e-03 -8.220383e-02 -8.639301e-02 -8.610896e-02
<VARIANCE> 39
 3.773158e+00 3.345358e+01 2.328182e+01 4.246416e+01 3.069427e+01 4.049673e+01 5.017981e+01 5.456507e+01 4.461971e+01 3.491566e+01 5.781058e+01 5.752641e+01 1.557946e+01 1.539179e-01 9.508870e-01 9.425533e-01 1.959943e+00 1.424119e+00 1.987319e+00 1.220825e+00 1.698494e+00 1.796449e+00 1.599399e+00 3.268983e+00 2.918434e+00 6.687751e-01 2.956380e-02 1.396186e-01 1.516513e-01 2.894346e-01 1.800090e-01 3.464143e-01 2.247794e-01 2.600073e-01 3.375759e-01 2.624909e-01 4.776421e-01 4.446594e-01 1.060583e-01
<GCONST> 9.958150e+01
<STATE> 4
<MEAN> 39
 -5.373389e+00 -1.249992e+00 2.052510e+00 -9.001515e-01 2.851130e+00 4.175466e+00 -3.984518e-01 -3.004585e+00 -1.078456e+00 -1.301741e+01 -1.757846e-01 3.688907e+00 7.431220e+01 -9.567645e-01 1.470773e+00 -4.251027e-02 8.153906e-01 4.491450e-01 6.867714e-01 9.195174e-01 1.133541e-01 9.387272e-01 5.605490e-01 -3.940721e-01 -5.164241e-01 -1.914487e+00 -9.466209e-02 -2.827437e-02 1.180765e-01 -9.556685e-02 -1.391623e-01 -1.052982e-01 4.061940e-02 -2.033495e-02 5.895233e-02 2.661353e-01 6.381307e-02 -8.950026e-02 -6.281404e-02
<VARIANCE> 39
 1.594939e+01 4.593496e+01 3.467799e+01 4.955830e+01 4.886741e+01 7.295769e+01 7.492982e+01 4.763068e+01 1.153720e+02 5.695374e+01 5.868403e+01 2.579134e+01 3.844126e+01 4.256021e-01 2.577962e+00 2.140975e+00 1.424974e+00 1.713910e+00 2.647617e+00 3.306353e+00 1.822510e+00 3.184590e+00 2.191062e+00 2.190664e+00 1.466830e+00 1.084401e+00 9.039458e-02 4.075730e-01 2.863360e-01 1.888183e-01 2.547010e-01 3.956991e-01 4.987301e-01 2.558994e-01 5.100888e-01 3.405686e-01 3.099697e-01 2.607323e-01 2.310168e-01
<GCONST> 1.132484e+02
<TRANSP> 5
 0.000000e+00 1.000000e+00 0.000000e+00 0.000000e+00 0.000000e+00
 0.000000e+00 6.963723e-01 3.036277e-01 0.000000e+00 0.000000e+00
 0.000000e+00 0.000000e+00 9.130786e-01 8.692138e-02 0.000000e+00
 0.000000e+00 0.000000e+00 0.000000e+00 7.806662e-01 2.193338e-01
 0.000000e+00 0.000000e+00 0.000000e+00 0.000000e+00 0.000000e+00
<ENDHMM>
~h "y"
<BEGINHMM>
<NUMSTATES> 5
<STATE> 2
<MEAN> 39
 -9.329994e+00 3.791892e+00 4.064445e+00 4.665851e+00 5.521138e+00 2.733579e+00 -1.446166e+00 -2.565525e+00 3.669617e+00 -9.931106e-01 -5.559767e-01 -3.511584e-01 6.828707e+01 -5.441443e-01 -1.097791e-01 -4.423850e-01 -3.942468e-01 -1.807089e-01 1.939409e-01 1.056477e+00 6.778980e-01 6.837215e-02 2.155654e-01 3.463126e-02 9.622730e-02 -4.611874e-01 1.486143e-03 -3.694154e-02 -6.290188e-02 -7.285906e-02 -9.610336e-02 -7.640300e-02 -6.567182e-02 -6.616387e-02 -3.120336e-02 -5.006009e-02 -6.257158e-02 -4.718986e-02 -3.458655e-03
<VARIANCE> 39
 3.440777e+01 5.705148e+01 1.421684e+01 4.346123e+01 3.288771e+01 6.478815e+01 4.621287e+01 6.012916e+01 5.175232e+01 6.630369e+01 4.016388e+01 1.371892e+01 7.744695e+01 3.412515e-01 7.266333e-01 7.582787e-01 1.178958e+00 1.212469e+00 1.238871e+00 2.266601e+00 1.150663e+00 6.021569e-01 8.834575e-01 7.402490e-01 7.908137e-01 1.934410e-01 2.929825e-02 7.896647e-02 1.195890e-01 1.222135e-01 1.117000e-01 1.972290e-01 3.476084e-01 2.098086e-01 1.701501e-01 1.575244e-01 1.244724e-01 1.335107e-01 2.043228e-02
<GCONST> 8.879597e+01
<STATE> 3
<MEAN> 39
 -1.565533e+01 -8.172669e-01 -1.772524e+00 -1.613800e+00 -2.688919e-01 8.396114e-01 2.825256e+00 1.046611e+00 2.472809e+00 2.597040e-01 5.564355e-01 4.115326e-01 6.458717e+01 -6.372394e-02 -2.202554e-02 -2.831065e-01 -3.342724e-01 -3.593146e-01 -2.291887e-01 3.247552e-01 6.566770e-02 -1.468416e-01 -1.778122e-02 -3.115943e-01 -6.008836e-02 -1.161707e-01 3.239398e-02 7.564587e-02 1.140923e-01 1.472828e-01 9.281318e-02 4.780830e-02 -4.421826e-02 2.402559e-03 7.373609e-02 -4.591890e-02 -2.859893e-02 5.770186e-04 -7.410691e-03
<VARIANCE> 39
 7.186742e+01 2.416999e+01 1.277096e+01 1.687434e+01 1.321527e+01 3.018492e+01 1.513678e+01 6.354399e+01 5.318962e+01 3.307228e+01 3.456755e+01 1.043440e+01 1.145324e+02 1.303892e-01 1.937910e-01 4.171813e-01 6.130697e-01 1.051454e+00 8.197079e-01 1.772521e+00 9.358904e-01 7.180503e-01 8.330209e-01 8.153059e-01 8.036994e-01 7.645682e-02 1.966573e-02 5.351577e-02 6.313088e-02 9.719987e-02 1.348065e-01 1.359995e-01 1.753009e-01 1.561713e-01 1.685198e-01 1.814841e-01 1.059298e-01 1.659546e-01 1.214418e-02
<GCONST> 7.579079e+01
<STATE> 4
<MEAN> 39
 -3.155320e+00 -5.208010e+00 3.049980e-01 -6.380645e+00 -4.556845e+00 -3.285957e+00 1.696682e+00 -4.304315e+00 -2.826073e+00 -5.540667e+00 -3.882331e+00 1.457493e+00 7.910485e+01 -1.236155e-01 1.204928e+00 -2.836352e-01 -4.169411e-02 -1.065605e-01 7.559293e-02 2.516181e-01 6.702122e-01 3.582335e-01 -1.784579e-01 -2.637770e-01 -5.631230e-01 -7.565114e-01 -1.044136e-01 2.161151e-01 1.259921e-01 2.332099e-01 2.388107e-01 8.628416e-02 -2.914545e-01 2.300750e-02 1.455469e-01 -1.028912e-01 1.224693e-01 -1.046342e-01 -2.399972e-01
<VARIANCE> 39
 3.447547e+01 3.494452e+01 1.972486e+01 3.228549e+01 2.176192e+01 5.005719e+01 2.204024e+01 8.422468e+01 7.021618e+01 5.596031e+01 7.837827e+01 1.562543e+01 6.921905e+01 2.593883e-01 1.208739e+00 6.580456e-01 1.364212e+00 1.384563e+00 1.640792e+00 1.849998e+00 1.429677e+00 1.056414e+00 1.362032e+00 1.774179e+00 1.115367e+00 7.794045e-01 3.997054e-02 1.365313e-01 1.075191e-01 1.975205e-01 1.698336e-01 1.455840e-01 2.722307e-01 2.086377e-01 1.913200e-01 2.515483e-01 2.552385e-01 2.374582e-01 9.964284e-02
<GCONST> 9.691953e+01
<TRANSP> 5
 0.000000e+00 1.000000e+00 0.000000e+00 0.000000e+00 0.000000e+00
 0.000000e+00 6.881647e-01 3.118352e-01 0.000000e+00 0.000000e+00
 0.000000e+00 0.000000e+00 6.197453e-01 3.802547e-01 0.000000e+00
 0.000000e+00 0.000000e+00 0.000000e+00 7.417049e-01 2.582951e-01
 0.000000e+00 0.000000e+00 0.000000e+00 0.000000e+00 0.000000e+00
<ENDHMM>
~h "sp"
<BEGINHMM>
<NUMSTATES> 3
<STATE> 2
~s "silst"
<TRANSP> 3
 0.000000e+00 1.516844e-01 8.483155e-01
 0.000000e+00 7.371420e-01 2.628580e-01
 0.000000e+00 0.000000e+00 0.000000e+00
<ENDHMM>
~h "sy"
<BEGINHMM>
<NUMSTATES> 5
<STATE> 2
<MEAN> 39
 -2.037924e+01 1.351323e+00 -2.467458e+00 -7.979599e-01 1.719456e+00 2.873001e+00 2.442170e+00 -2.693973e+00 2.549346e+00 -2.836781e+00 1.695248e-01 -2.662050e+00 4.538659e+01 -1.267638e-02 -1.166076e-02 -1.316105e-02 -1.666764e-03 1.899661e-03 -3.248112e-02 -5.439606e-03 -2.970779e-03 8.266669e-03 2.199576e-02 1.163626e-02 5.894005e-03 6.993291e-03 1.967423e-03 -7.360077e-03 4.337835e-03 -3.319111e-03 -1.563767e-04 8.690223e-03 1.746162e-03 -1.022686e-03 8.942674e-03 1.283985e-02 3.421489e-04 1.022609e-02 8.176252e-03
<VARIANCE> 39
 8.885197e-01 2.147308e+00 4.158034e+00 3.804012e+00 6.488838e+00 6.337378e+00 9.487794e+00 8.364144e+00 1.519131e+01 7.865597e+00 8.140345e+00 9.933484e+00 7.347735e+00 7.258976e-02 1.749232e-01 2.677681e-01 3.350927e-01 5.336073e-01 6.595007e-01 6.854379e-01 6.974013e-01 7.269168e-01 6.572620e-01 8.600549e-01 6.732787e-01 7.401704e-02 1.559440e-02 3.683573e-02 5.459463e-02 6.904922e-02 1.161995e-01 1.400445e-01 1.429559e-01 1.461838e-01 1.552085e-01 1.412650e-01 1.806764e-01 1.362861e-01 1.176980e-02
<GCONST> 4.890137e+01
<STATE> 3
<MEAN> 39
 -2.080285e+01 1.050631e+00 -4.011001e+00 -1.301930e+00 -3.791678e-01 1.716373e+00 2.394132e+00 2.733047e+00 3.301568e+00 2.142022e+00 8.927653e-01 8.660679e-02 5.538203e+01 -6.047766e-02 -9.206490e-02 -4.749894e-02 -8.164474e-02 -4.482330e-02 -1.366233e-01 -9.906898e-02 5.590341e-02 1.039635e-01 1.205270e-01 -3.372539e-02 -4.977006e-02 1.438105e-02 2.948336e-02 2.176647e-03 6.626518e-02 6.481588e-03 -1.314179e-02 4.240437e-03 -6.420242e-03 -1.670945e-02 -2.010930e-04 -4.266080e-02 2.222455e-02 4.265510e-03 5.195874e-02
<VARIANCE> 39
 1.019761e+00 1.508190e+00 3.758752e+00 4.406200e+00 6.364013e+00 6.443958e+00 1.016860e+01 1.296993e+01 1.513427e+01 6.727138e+00 5.605522e+00 6.541865e+00 3.018470e+01 1.029618e-01 1.343607e-01 3.869750e-01 5.468015e-01 6.494963e-01 6.673765e-01 6.498677e-01 6.583983e-01 7.292862e-01 5.712616e-01 5.515800e-01 7.242934e-01 6.690356e-02 2.706751e-02 4.086721e-02 1.119678e-01 1.315188e-01 1.612507e-01 1.111641e-01 1.430395e-01 1.663666e-01 1.429792e-01 1.346136e-01 1.172185e-01 1.500790e-01 1.442734e-02
<GCONST> 5.211266e+01
<STATE> 4
<MEAN> 39
 -1.930276e+01 -8.899960e-02 -3.062769e+00 -2.520801e+00 5.869992e-01 2.658126e+00 3.703490e+00 -1.658144e+00 3.479327e+00 -3.214749e+00 2.284907e-01 -1.198441e+00 4.949823e+01 -4.471762e-02 -1.507099e-01 1.110728e-01 -5.650830e-02 -6.718687e-02 -5.316066e-02 -1.719497e-01 -1.680339e-01 4.870407e-02 -9.859098e-03 -1.051205e-01 -5.657467e-02 8.980361e-02 -9.459177e-03 -8.950604e-02 6.277069e-02 5.056217e-02 -4.101105e-02 3.387802e-02 -8.951519e-02 -3.646684e-02 6.125587e-03 -5.743886e-02 -8.348748e-05 -9.264962e-02 4.200409e-02
<VARIANCE> 39
 8.481735e+00 9.182446e+00 7.261150e+00 9.067838e+00 1.573968e+01 6.841767e+00 1.043692e+01 1.595345e+01 1.134097e+01 2.164019e+01 7.724383e+00 9.494706e+00 2.687243e+01 8.294503e-01 1.326328e+00 1.104148e+00 1.369775e+00 1.619711e+00 8.286076e-01 1.054189e+00 1.344363e+00 1.074915e+00 1.267810e+00 1.014253e+00 7.000530e-01 1.691525e+00 1.600284e-01 3.092248e-01 2.527636e-01 2.764854e-01 3.302748e-01 1.879372e-01 2.396100e-01 2.333402e-01 2.236364e-01 2.258204e-01 1.827834e-01 1.262129e-01 3.221255e-01
<GCONST> 8.552966e+01
<TRANSP> 5
 0.000000e+00 1.000000e+00 0.000000e+00 0.000000e+00 0.000000e+00
 0.000000e+00 9.632337e-01 3.676627e-02 0.000000e+00 0.000000e+00
 0.000000e+00 0.000000e+00 7.996026e-01 2.003974e-01 0.000000e+00
 0.000000e+00 0.000000e+00 0.000000e+00 6.701539e-01 3.298461e-01
 0.000000e+00 0.000000e+00 0.000000e+00 0.000000e+00 0.000000e+00
<ENDHMM>
~h "sil"
<BEGINHMM>
<NUMSTATES> 5
<STATE> 2
<MEAN> 39
 -1.136141e+01 9.444472e-01 -3.883727e+00 1.063411e+00 -2.333712e+00 1.831435e+00 -2.085562e+00 1.382290e+00 -1.011218e+00 3.650723e-01 -1.984168e-02 -2.580689e-01 1.242529e+01 -4.254417e-03 4.449780e-03 2.077719e-03 6.060472e-03 5.621283e-03 3.718945e-03 -4.299552e-03 -9.048110e-03 2.487631e-04 -3.697906e-03 -4.406635e-03 -7.987792e-03 -1.362371e-02 3.658139e-03 5.362113e-04 2.875699e-03 1.755739e-03 5.228478e-03 5.877644e-03 1.565114e-03 -2.000374e-04 -5.834275e-04 -4.663534e-04 4.263424e-03 2.324037e-03 6.490123e-03
<VARIANCE> 39
 2.245259e+02 2.020070e+00 3.035059e+01 3.703395e+00 1.417343e+01 7.482687e+00 1.304081e+01 7.260499e+00 5.814376e+00 2.577029e+00 1.763179e+00 1.742697e+00 2.836234e+02 2.048600e-02 3.839029e-02 5.449275e-02 8.475101e-02 1.119655e-01 1.476463e-01 1.630680e-01 1.641332e-01 1.892165e-01 2.159864e-01 1.877106e-01 1.701672e-01 2.696879e-02 3.973823e-03 7.850396e-03 1.087362e-02 1.730213e-02 2.102778e-02 2.982185e-02 3.274240e-02 3.029823e-02 3.852494e-02 4.215512e-02 3.802714e-02 3.554433e-02 2.969071e-03
<GCONST> 1.861237e+01
<STATE> 3
~s "silst"
<STATE> 4
<MEAN> 39
 -2.061739e+01 1.325678e+00 -2.999019e+00 -8.565272e-01 5.469795e-01 2.286741e+00 2.900019e+00 1.271656e+00 3.344230e+00 1.702263e-01 6.782167e-01 -1.177940e+00 5.234533e+01 6.820732e-03 -6.742608e-03 1.808190e-04 -2.047787e-02 4.819622e-03 -1.182940e-02 1.350445e-03 -1.058196e-02 6.115898e-03 -5.829476e-03 1.018260e-02 -8.702975e-04 4.617911e-02 1.553740e-03 -2.831186e-03 2.043440e-03 1.161310e-03 -5.863602e-04 3.025967e-04 -7.812975e-04 -4.113453e-03 -2.977969e-03 -9.793791e-04 1.689847e-03 2.112302e-03 2.239862e-03
<VARIANCE> 39
 1.372378e+00 2.272561e+00 5.318374e+00 4.749535e+00 7.185478e+00 7.199880e+00 9.913209e+00 2.188515e+01 1.470210e+01 1.329815e+01 7.143673e+00 7.855903e+00 4.932440e+01 9.249783e-02 1.578491e-01 2.741245e-01 3.902019e-01 4.898026e-01 5.983757e-01 6.922416e-01 8.452023e-01 8.472878e-01 7.463039e-01 6.881685e-01 6.647982e-01 8.495901e-02 1.805693e-02 3.264140e-02 5.239084e-02 7.800192e-02 1.009907e-01 1.230977e-01 1.411404e-01 1.722564e-01 1.740552e-01 1.537782e-01 1.420781e-01 1.353782e-01 1.031440e-02
<GCONST> 5.345341e+01
<TRANSP> 5
 0.000000e+00 1.000000e+00 0.000000e+00 0.000000e+00 0.000000e+00
 0.000000e+00 8.956859e-01 5.871395e-02 4.560016e-02 0.000000e+00
 0.000000e+00 0.000000e+00 9.057809e-01 9.421909e-02 0.000000e+00
 0.000000e+00 3.315106e-03 0.000000e+00 9.767574e-01 1.992746e-02
 0.000000e+00 0.000000e+00 0.000000e+00 0.000000e+00 0.000000e+00
<ENDHMM>
