~o
<STREAMINFO> 1 39
<VECSIZE> 39<NULLD><MFCC_D_A_0><DIAGC>
~s "silst"
<MEAN> 39
 -1.182600e+01 8.779240e-01 -1.455463e+00 2.613418e-01 3.906375e-02 1.152040e+00 6.419924e-01 1.066623e-01 7.514716e-01 1.145317e-01 1.927925e-01 -1.701315e-01 2.072361e+01 -2.443969e+00 1.526639e-01 -2.945824e-01 7.341246e-02 4.890122e-02 2.960239e-01 2.926512e-01 2.015599e-01 2.750916e-01 9.603596e-02 9.552677e-02 -3.371895e-02 3.911182e+00 -3.882998e-02 1.402069e-02 2.811633e-03 -8.265138e-03 3.671359e-02 5.353780e-02 7.551482e-02 3.844997e-02 6.828503e-02 1.467429e-03 1.183353e-02 -5.126034e-03 4.553323e-01
<VARIANCE> 39
 1.140046e+02 2.478246e+00 5.197688e+00 3.314023e+00 3.845309e+00 5.321169e+00 5.439909e+00 8.241462e+00 8.439596e+00 5.463451e+00 4.381100e+00 3.987194e+00 4.271170e+02 8.207391e+00 2.265223e-01 3.755451e-01 3.585861e-01 4.190466e-01 5.487713e-01 6.246026e-01 6.742148e-01 6.521386e-01 5.311798e-01 4.772716e-01 4.497613e-01 1.686935e+01 2.063347e+00 3.990680e-02 8.146884e-02 6.647366e-02 7.895320e-02 1.110432e-01 1.198164e-01 1.147651e-01 1.206935e-01 1.000331e-01 9.830110e-02 8.925901e-02 2.907690e+00
<GCONST> 7.142033e+01
~h "a"
<BEGINHMM>
<NUMSTATES> 5
<STATE> 2
<MEAN> 39
 -1.477736e+01 1.651156e+00 -1.028455e+00 -5.577165e-01 5.794845e-01 1.946129e+00 2.920016e+00 -1.134343e+00 2.284989e+00 -5.567153e-01 1.054609e+00 -4.666426e-01 6.070800e+01 -3.390554e-01 5.580937e-02 -1.249303e-02 4.604021e-02 3.212412e-02 4.278697e-02 5.156058e-02 9.705220e-02 1.139929e-01 4.529103e-02 -8.955541e-02 -1.387679e-01 -4.523040e-01 5.240966e-02 -4.049489e-02 3.384360e-02 2.321594e-02 3.203756e-02 4.987061e-03 -2.215815e-02 -2.733477e-02 -5.730920e-02 -4.666150e-02 1.938345e-02 -5.972095e-03 8.681106e-02
<VARIANCE> 39
 5.492093e+01 2.314921e+01 1.808382e+01 2.594331e+01 2.307748e+01 2.058731e+01 2.022451e+01 3.767480e+01 3.672931e+01 2.913046e+01 2.309314e+01 1.498368e+01 1.002957e+02 4.633109e-01 8.825650e-01 7.691109e-01 8.476153e-01 9.384897e-01 1.014442e+00 1.235877e+00 1.209431e+00 1.272453e+00 1.061650e+00 9.627380e-01 9.053262e-01 8.320023e-01 7.114293e-02 1.677608e-01 1.359182e-01 1.393726e-01 1.601795e-01 1.744089e-01 2.178328e-01 2.255378e-01 2.369668e-01 1.914112e-01 1.733409e-01 1.640305e-01 9.516663e-02
<GCONST> 9.022429e+01
<STATE> 3
<MEAN> 39
 -1.364829e+01 1.307758e+00 -5.531480e-01 -1.027321e+00 2.786368e-01 1.413287e+00 2.229242e+00 -2.669820e+00 1.137910e+00 -2.025006e+00 -3.275992e-01 -7.041436e-01 6.130454e+01 -1.569947e-01 -1.709494e-02 2.049997e-01 2.589574e-01 2.655482e-01 8.027427e-02 -3.604864e-02 1.674245e-03 -7.346229e-02 -8.980067e-02 5.346408e-02 -1.796851e-01 -7.923704e-02 1.726650e-01 -9.525672e-02 1.229535e-01 1.960695e-02 -8.156955e-03 -5.170089e-02 -7.321271e-02 -9.930398e-02 -1.577279e-01 -9.553708e-02 4.442280e-02 6.475792e-03 2.881413e-01
<VARIANCE> 39
 6.140734e+01 3.142267e+01 2.495367e+01 3.555082e+01 3.021192e+01 2.087865e+01 2.087538e+01 3.345431e+01 3.732990e+01 3.078650e+01 3.214754e+01 1.728147e+01 1.370876e+02 1.004203e+00 2.194791e+00 1.104398e+00 1.076929e+00 1.113361e+00 1.426609e+00 1.787491e+00 1.686469e+00 1.775951e+00 1.429371e+00 1.220941e+00 1.095739e+00 2.008987e+00 2.442726e-01 3.369266e-01 1.957053e-01 2.143566e-01 2.339128e-01 2.335967e-01 2.818615e-01 3.057964e-01 3.760709e-01 2.452311e-01 2.430476e-01 2.028277e-01 3.458885e-01
<GCONST> 1.042817e+02
<STATE> 4
<MEAN> 39
 -1.056393e+01 9.124320e-01 -1.369748e+00 -1.134779e+00 -4.621620e-01 -2.950125e-01 2.157582e+00 -1.577497e+00 -1.438660e+00 -7.430336e-01 3.351874e+00 -2.821981e-01 6.511871e+01 6.630866e-02 1.093197e-01 1.365145e-01 1.426436e-01 9.040313e-02 1.806917e-02 -5.771307e-02 -2.104066e-02 -2.715021e-02 -5.785908e-02 5.928048e-02 -2.160615e-02 2.803807e-02 2.683251e-02 -3.707812e-02 -8.536702e-03 -2.225317e-02 -4.009057e-02 -3.947917e-02 -3.435035e-02 -2.806649e-02 -2.243845e-02 -1.809514e-02 -1.607457e-02 1.743861e-02 5.595011e-02
<VARIANCE> 39
 7.773825e+01 3.677678e+01 2.803414e+01 3.208785e+01 3.131571e+01 4.468220e+01 3.145792e+01 3.042198e+01 6.762209e+01 3.898582e+01 3.947544e+01 1.504734e+01 1.118064e+02 3.795636e+00 3.059026e+00 1.894781e+00 1.479275e+00 1.880422e+00 2.581473e+00 2.175375e+00 2.136435e+00 3.368512e+00 1.630952e+00 1.534761e+00 1.138682e+00 3.685191e+00 4.249849e-01 5.088067e-01 3.183163e-01 2.540342e-01 3.176928e-01 4.389801e-01 3.966786e-01 3.690227e-01 4.725289e-01 3.074793e-01 2.931556e-01 2.239032e-01 4.782318e-01
<GCONST> 1.163625e+02
<TRANSP> 5
 0.000000e+00 1.000000e+00 0.000000e+00 0.000000e+00 0.000000e+00
 0.000000e+00 7.523189e-01 2.476811e-01 0.000000e+00 0.000000e+00
 0.000000e+00 0.000000e+00 1.831686e-01 8.168314e-01 0.000000e+00
 0.000000e+00 0.000000e+00 0.000000e+00 6.940280e-01 3.059720e-01
 0.000000e+00 0.000000e+00 0.000000e+00 0.000000e+00 0.000000e+00
<ENDHMM>
~h "b"
<BEGINHMM>
<NUMSTATES> 5
<STATE> 2
<MEAN> 39
 -1.750712e+00 -8.317617e+00 -8.271053e-01 -5.610324e+00 -3.744454e+00 -1.017436e+00 4.050875e+00 -7.580835e+00 -1.560795e+00 -1.056426e+01 -3.967631e+00 7.431943e+00 8.141524e+01 -1.095015e-01 1.426416e-01 -7.056892e-03 2.258086e-01 1.300563e-02 -6.412521e-03 1.162769e-01 -1.667549e-02 -9.210438e-03 2.299336e-01 6.052054e-03 -1.768096e-01 -2.789578e-01 -1.715088e-03 2.293226e-02 6.141096e-03 6.843127e-03 1.040018e-02 -5.319225e-03 -2.134611e-02 -7.302891e-03 -2.765596e-03 -2.535190e-02 -2.425798e-02 -2.934956e-02 -2.550992e-02
<VARIANCE> 39
 1.369465e+01 4.032017e+01 1.692660e+01 5.284793e+01 3.651403e+01 2.247063e+01 2.354645e+01 3.997857e+01 3.372318e+01 2.004858e+01 4.211877e+01 5.287772e+01 3.803809e+01 2.187415e-01 1.760911e+00 8.548595e-01 1.976378e+00 1.177396e+00 1.423280e+00 9.782378e-01 1.471833e+00 1.215249e+00 8.952178e-01 2.929832e+00 2.887365e+00 9.702015e-01 2.938230e-02 1.949090e-01 1.599229e-01 2.148964e-01 1.208720e-01 2.706441e-01 1.532228e-01 1.511541e-01 2.195996e-01 1.539724e-01 4.524044e-01 4.327835e-01 9.865487e-02
<GCONST> 9.579619e+01
<STATE> 3
<MEAN> 39
 -1.039692e+01 6.253582e+00 3.122090e+00 5.036046e+00 5.902081e+00 3.629345e+00 3.544714e+00 -2.292313e+00 -2.357590e-01 -4.320493e+00 -3.890467e-01 -1.740262e+00 6.388876e+01 -7.402362e-01 -4.443191e-02 -3.276810e-01 -4.246376e-01 -2.654824e-01 6.604753e-02 2.048635e-01 2.857430e-01 4.019369e-01 3.914616e-01 1.436926e-03 -1.996704e-01 -9.205756e-01 -1.629538e-02 -1.413473e-01 -1.183755e-02 -1.087598e-01 -9.906002e-02 -6.918071e-02 -1.458426e-01 -1.353669e-01 -5.718593e-02 -3.739144e-02 1.172261e-02 -1.680812e-02 5.361947e-02
<VARIANCE> 39
 2.316504e+01 3.681879e+01 2.460654e+01 2.362800e+01 1.853216e+01 1.322358e+01 2.705674e+01 3.013007e+01 2.782251e+01 1.598568e+01 1.807792e+01 1.351884e+01 2.756575e+01 3.215144e-01 1.766155e+00 1.057498e+00 9.321165e-01 8.342972e-01 1.118971e+00 1.080487e+00 1.489104e+00 1.323402e+00 9.990737e-01 1.105267e+00 1.005920e+00 7.887347e-01 4.687435e-02 1.536050e-01 1.342066e-01 1.365108e-01 1.107330e-01 1.875213e-01 1.947550e-01 1.999276e-01 2.490944e-01 1.719042e-01 2.213229e-01 1.841514e-01 5.490347e-02
<GCONST> 8.657692e+01
<STATE> 4
<MEAN> 39
 -1.958424e+01 1.571323e+00 -2.082133e+00 -7.030063e-01 1.045131e+00 2.076346e+00 3.292125e+00 7.130633e-01 3.281798e+00 -9.240069e-01 5.025299e-01 -1.308095e+00 5.528703e+01 -1.454143e-01 -1.454758e-01 -1.334490e-01 -1.355554e-01 -1.677636e-01 -8.014672e-02 -1.743143e-01 -9.428652e-02 -2.470724e-04 -3.768262e-03 3.531368e-03 1.000242e-01 -2.549626e-01 5.550556e-02 6.098332e-03 5.808350e-02 5.180868e-02 3.996782e-02 3.021341e-02 -1.224445e-02 -1.259568e-02 -2.205841e-02 -3.651621e-02 8.879607e-03 1.083113e-03 8.438569e-02
<VARIANCE> 39
 9.834869e+00 4.562132e+00 7.023894e+00 7.612813e+00 9.817061e+00 8.565813e+00 8.451412e+00 2.193239e+01 1.656455e+01 1.628373e+01 9.324681e+00 9.803669e+00 3.304417e+01 2.614004e-01 3.934739e-01 5.741975e-01 6.272743e-01 7.791486e-01 8.055169e-01 8.869730e-01 1.070154e+00 1.127679e+00 8.788919e-01 8.308426e-01 8.189865e-01 3.975835e-01 4.147490e-02 9.226475e-02 1.105901e-01 1.129386e-01 1.428336e-01 1.536810e-01 1.773339e-01 2.396074e-01 2.340318e-01 1.661811e-01 1.620899e-01 1.666741e-01 3.994455e-02
<GCONST> 7.059057e+01
<TRANSP> 5
 0.000000e+00 1.000000e+00 0.000000e+00 0.000000e+00 0.000000e+00
 0.000000e+00 9.040365e-01 9.596347e-02 0.000000e+00 0.000000e+00
 0.000000e+00 0.000000e+00 7.629380e-01 2.370620e-01 0.000000e+00
 0.000000e+00 0.000000e+00 0.000000e+00 9.150255e-01 8.497451e-02
 0.000000e+00 0.000000e+00 0.000000e+00 0.000000e+00 0.000000e+00
<ENDHMM>
~h "d"
<BEGINHMM>
<NUMSTATES> 5
<STATE> 2
<MEAN> 39
 -1.246544e+01 1.694818e+00 3.085466e+00 2.738563e+00 3.855065e+00 1.604458e+00 -6.147758e-01 -3.235481e+00 -6.003979e-01 -3.478338e+00 4.697980e-01 -1.483419e+00 6.428886e+01 1.862426e-01 4.468792e-02 5.433229e-01 1.224368e-01 1.064351e-01 -2.996512e-02 -1.208630e-01 -3.705096e-01 -2.201461e-01 -6.935801e-02 1.046799e-03 1.329521e-02 5.256799e-01 7.796165e-02 -1.207801e-01 -5.649379e-02 -3.939844e-02 -8.061876e-02 -1.752806e-01 -1.187123e-01 -3.967255e-02 -6.079330e-02 -1.107402e-01 -1.506399e-02 -8.294843e-04 1.502885e-01
<VARIANCE> 39
 5.772773e+01 5.896534e+01 4.592734e+01 6.224804e+01 3.617910e+01 2.455686e+01 4.352463e+01 4.404176e+01 7.754475e+01 3.572325e+01 3.477771e+01 1.474435e+01 9.106182e+01 3.133318e+00 4.453068e+00 3.379757e+00 3.211441e+00 2.069282e+00 2.908921e+00 4.757932e+00 4.171566e+00 5.229596e+00 2.591805e+00 2.153073e+00 1.039872e+00 5.775480e+00 3.128471e-01 6.463432e-01 4.632945e-01 3.386876e-01 3.051001e-01 4.631953e-01 5.965385e-01 6.151563e-01 5.529949e-01 3.836360e-01 3.629211e-01 2.081445e-01 4.988774e-01
<GCONST> 1.245249e+02
<STATE> 3
<MEAN> 39
 -1.198157e+01 1.396598e+00 2.837420e+00 2.153674e+00 2.631219e+00 8.636833e-01 -9.055470e-01 -4.714305e+00 -4.941210e-01 -3.906649e+00 -2.729796e-01 -1.271829e+00 6.508433e+01 -2.319983e-01 1.704046e-01 -4.958135e-02 -1.842225e-01 -1.514651e-01 3.405249e-02 3.278078e-01 5.587598e-02 2.662689e-01 6.984404e-02 -1.037095e-01 4.544792e-02 -2.926586e-01 8.400876e-02 -1.962552e-01 4.641041e-04 4.961707e-03 -4.236926e-02 -9.922440e-02 -7.214791e-02 1.148499e-02 -6.620166e-02 -7.006052e-02 1.099545e-02 2.310471e-03 1.856893e-01
<VARIANCE> 39
 5.476801e+01 6.057644e+01 5.238776e+01 7.057851e+01 3.164317e+01 2.048525e+01 4.217439e+01 4.183578e+01 6.664445e+01 3.269788e+01 3.587309e+01 2.026727e+01 1.091491e+02 1.840459e+00 2.076165e+00 1.801823e+00 1.886797e+00 1.467339e+00 2.440828e+00 2.609826e+00 2.551949e+00 3.793818e+00 1.850359e+00 1.853840e+00 1.092242e+00 3.548392e+00 2.396754e-01 5.282310e-01 3.406985e-01 3.250853e-01 2.414960e-01 4.212718e-01 4.030199e-01 4.077830e-01 4.507000e-01 2.682219e-01 2.722225e-01 1.971112e-01 3.141966e-01
<GCONST> 1.160207e+02
<STATE> 4
<MEAN> 39
 -1.399433e+01 1.144002e+00 1.889485e+00 8.906752e-02 2.051043e+00 2.527044e+00 8.975722e-01 -3.598508e+00 2.518949e+00 -4.705564e+00 5.629592e-01 -7.454219e-01 6.266727e+01 -1.763643e-02 -2.696888e-02 1.086636e-01 1.034769e-01 2.995025e-02 5.219318e-03 1.035540e-01 -1.222126e-01 -9.196792e-02 -4.117765e-03 2.180065e-02 5.164047e-02 -2.271190e-02 1.302201e-01 -1.287564e-01 -5.871402e-03 -7.684885e-03 3.032820e-03 -7.826065e-02 -1.387646e-01 -7.698292e-02 -1.834867e-01 -4.456775e-02 2.660292e-02 -1.678622e-02 2.137365e-01
<VARIANCE> 39
 6.049168e+01 6.584736e+01 3.794426e+01 4.187033e+01 2.504967e+01 2.252797e+01 3.937925e+01 4.330561e+01 4.213968e+01 4.845954e+01 2.772401e+01 2.267924e+01 1.267586e+02 1.845679e+00 2.353392e+00 1.993170e+00 1.768136e+00 1.438749e+00 1.513876e+00 1.807463e+00 2.118704e+00 2.501302e+00 1.435550e+00 1.921574e+00 1.166325e+00 3.035737e+00 1.820296e-01 4.505949e-01 2.292690e-01 2.735624e-01 2.547578e-01 3.189152e-01 3.595490e-01 3.849245e-01 4.653615e-01 2.267048e-01 3.339886e-01 1.892776e-01 3.229538e-01
<GCONST> 1.121698e+02
<TRANSP> 5
 0.000000e+00 1.000000e+00 0.000000e+00 0.000000e+00 0.000000e+00
 0.000000e+00 4.415712e-01 5.584288e-01 0.000000e+00 0.000000e+00
 0.000000e+00 0.000000e+00 2.267239e-01 7.732761e-01 0.000000e+00
 0.000000e+00 0.000000e+00 0.000000e+00 6.234202e-01 3.765798e-01
 0.000000e+00 0.000000e+00 0.000000e+00 0.000000e+00 0.000000e+00
<ENDHMM>
~h "e"
<BEGINHMM>
<NUMSTATES> 5
<STATE> 2
<MEAN> 39
 -5.779685e+00 -4.685383e+00 3.070174e+00 -4.707261e+00 1.243539e+00 3.502338e-01 -5.456670e+00 -3.385985e+00 4.649261e+00 -1.140500e+01 -2.105172e+00 -1.114751e+00 7.635784e+01 4.992934e-01 -5.015967e-01 -1.495815e-01 -1.385038e-01 -1.577208e-02 -2.689967e-01 -3.379969e-01 -2.322471e-01 -4.389355e-01 -1.956747e-01 8.100811e-02 2.474433e-01 9.936500e-01 -3.019061e-02 -3.717927e-02 3.803444e-02 -1.099264e-03 -1.979664e-02 -3.697944e-02 5.461803e-02 -2.368562e-02 -3.030566e-02 5.908373e-02 6.154867e-02 2.952043e-03 4.845594e-02
<VARIANCE> 39
 4.418628e+01 5.087345e+01 4.342265e+01 7.054081e+01 7.025845e+01 7.403751e+01 8.031666e+01 8.833372e+01 9.466158e+01 7.069562e+01 5.334211e+01 5.659830e+01 1.135727e+02 2.655851e+00 4.309417e+00 2.221807e+00 2.866893e+00 2.787609e+00 4.429597e+00 5.580538e+00 4.046072e+00 3.709161e+00 2.875688e+00 3.535606e+00 2.116148e+00 6.046282e+00 4.840271e-01 5.329537e-01 3.357760e-01 4.167185e-01 4.389607e-01 6.845083e-01 8.067658e-01 6.145590e-01 6.128090e-01 4.600851e-01 5.113492e-01 3.082371e-01 6.966432e-01
<GCONST> 1.337978e+02
<STATE> 3
<MEAN> 39
 -5.093450e+00 -9.689648e+00 2.371847e+00 -2.529583e+00 2.143878e+00 -5.594076e-01 -4.585887e+00 -1.213340e+01 -4.112989e+00 -7.643405e+00 3.434099e+00 2.339988e+00 8.145248e+01 2.634656e-01 1.095376e-01 -2.312557e-01 2.721799e-01 1.482823e-01 -2.298070e-01 -9.862278e-02 -3.154416e-02 -1.969788e-01 3.133841e-01 2.546820e-01 -2.632385e-02 1.224244e-01 -1.452930e-01 2.291302e-01 6.639170e-02 8.170520e-02 6.648058e-03 1.648867e-01 1.194742e-01 1.608007e-01 1.858643e-01 4.026294e-04 -1.662635e-01 -1.686471e-01 -2.950705e-01
<VARIANCE> 39
 5.438195e+01 4.327355e+01 5.430125e+01 5.780778e+01 4.695544e+01 4.047949e+01 8.499369e+01 7.284512e+01 8.169709e+01 8.601422e+01 5.526947e+01 3.499960e+01 4.651522e+01 2.966015e+00 3.175946e+00 2.332115e+00 2.807826e+00 1.938004e+00 2.989552e+00 3.449114e+00 2.894131e+00 3.028024e+00 3.163739e+00 3.674645e+00 3.236361e+00 2.989755e+00 3.607456e-01 4.895208e-01 3.701854e-01 4.483526e-01 3.108434e-01 4.937403e-01 5.522077e-01 5.121384e-01 4.783067e-01 5.259240e-01 6.155502e-01 5.415443e-01 3.544395e-01
<GCONST> 1.278657e+02
<STATE> 4
<MEAN> 39
 -7.008423e+00 -1.890157e+00 -2.152620e-01 2.654413e+00 4.337027e+00 -1.238100e+00 -3.181751e+00 -8.123720e+00 -6.912010e+00 -3.211045e+00 5.643807e+00 -3.315008e-01 7.202546e+01 -5.954693e-01 8.618039e-01 2.474834e-01 3.340430e-01 1.344969e-01 4.667962e-01 3.164304e-01 3.872838e-01 1.021121e+00 2.158042e-01 -7.133334e-01 -3.722802e-01 -1.131202e+00 -8.906522e-02 -5.793492e-02 7.559315e-02 -1.162076e-01 -5.778595e-02 4.590473e-02 -8.839654e-03 4.927688e-02 2.171784e-01 1.677069e-02 -1.386768e-01 -2.736186e-02 -2.590925e-02
<VARIANCE> 39
 4.125478e+01 4.046029e+01 2.229874e+01 4.719619e+01 3.387764e+01 4.299679e+01 5.859592e+01 5.825290e+01 1.132023e+02 4.231524e+01 5.824196e+01 2.284858e+01 7.530257e+01 2.096307e+00 3.091920e+00 2.105221e+00 2.681123e+00 1.818470e+00 2.885546e+00 3.965003e+00 3.729609e+00 6.070421e+00 2.507252e+00 3.947770e+00 1.830087e+00 3.562479e+00 2.006095e-01 4.676004e-01 3.809225e-01 3.992140e-01 3.127519e-01 4.140800e-01 6.026267e-01 5.866168e-01 7.811176e-01 3.932168e-01 5.796984e-01 3.295541e-01 3.923609e-01
<GCONST> 1.242814e+02
<TRANSP> 5
 0.000000e+00 1.000000e+00 0.000000e+00 0.000000e+00 0.000000e+00
 0.000000e+00 8.008941e-01 1.991059e-01 0.000000e+00 0.000000e+00
 0.000000e+00 0.000000e+00 7.577396e-01 2.422604e-01 0.000000e+00
 0.000000e+00 0.000000e+00 0.000000e+00 7.682674e-01 2.317326e-01
 0.000000e+00 0.000000e+00 0.000000e+00 0.000000e+00 0.000000e+00
<ENDHMM>
~h "f"
<BEGINHMM>
<NUMSTATES> 5
<STATE> 2
<MEAN> 39
 -3.267263e+00 -5.486420e+00 9.895257e+00 8.946943e-01 7.135478e+00 9.338820e-01 -1.295598e+01 -7.033526e+00 9.181286e+00 -1.526257e+01 -1.032222e+01 -2.458524e+00 7.922425e+01 -2.185082e-01 -4.974113e-01 5.329545e-01 9.095443e-01 7.482994e-01 -1.760518e-01 -6.023035e-01 -2.293898e-01 -2.447340e-01 -1.469547e-01 -1.265932e-02 -5.108150e-01 2.271430e-01 -3.125635e-02 1.211032e-01 -4.090555e-02 -6.232561e-02 -8.480006e-02 8.426236e-02 1.299279e-01 1.828774e-02 -3.374224e-02 5.949382e-02 -1.346939e-02 -2.791533e-02 -9.688304e-02
<VARIANCE> 39
 1.767517e+01 7.627074e+01 4.377607e+01 1.758721e+02 1.434765e+02 5.246775e+01 9.042696e+01 3.673323e+01 1.286087e+02 3.130058e+01 6.685075e+01 5.795505e+01 2.599221e+01 4.899893e-01 6.242228e+00 2.335243e+00 2.707203e+00 2.304664e+00 2.970498e+00 6.903102e+00 1.300681e+00 3.124964e+00 2.150164e+00 2.231723e+00 2.033025e+00 2.474238e+00 7.846819e-02 8.561831e-01 3.138075e-01 3.247581e-01 3.506025e-01 3.704249e-01 1.007841e+00 2.010327e-01 4.682862e-01 3.652468e-01 3.133956e-01 3.283656e-01 3.538182e-01
<GCONST> 1.223908e+02
<STATE> 3
<MEAN> 39
 -1.000855e+01 -3.329430e+00 1.067538e+01 1.237058e+01 1.082717e+01 -1.284243e+00 -9.560480e+00 -7.390261e+00 -3.789246e-01 -7.516678e+00 -3.692428e+00 -8.593350e+00 7.226840e+01 -3.257728e-01 4.942867e-01 -6.872316e-01 -6.377983e-01 -6.117945e-01 3.957210e-01 1.155082e+00 4.835897e-01 2.794438e-01 4.232618e-01 2.133169e-01 3.894192e-01 -8.885124e-01 -4.655520e-02 -3.376685e-02 -5.290893e-02 -8.135275e-02 -2.058236e-02 4.016072e-02 5.390658e-02 -1.787927e-02 -2.542237e-02 -1.738031e-03 2.070777e-02 7.491282e-02 -3.783766e-02
<VARIANCE> 39
 1.478568e+01 2.960777e+01 4.087392e+01 5.236470e+01 1.798382e+01 3.485440e+01 5.488541e+01 3.276366e+01 1.183507e+02 1.220264e+01 5.507701e+01 2.091532e+01 5.514592e+01 3.717227e-01 9.083622e-01 1.541209e+00 1.288387e+00 1.434303e+00 1.326876e+00 2.021564e+00 1.631633e+00 2.124510e+00 1.055954e+00 1.686862e+00 8.589903e-01 1.095568e+00 5.638639e-02 1.602749e-01 3.085589e-01 2.042112e-01 3.137612e-01 2.277691e-01 4.354965e-01 3.442219e-01 4.433076e-01 2.021597e-01 3.093901e-01 1.336523e-01 1.117853e-01
<GCONST> 1.006085e+02
<STATE> 4
<MEAN> 39
 -1.413206e+01 -4.044545e+00 5.510760e+00 -2.727618e+00 5.443458e+00 5.132973e+00 -5.201066e+00 -5.483628e+00 7.590497e+00 -6.704633e+00 -3.626298e+00 -3.666428e+00 6.964481e+01 2.738060e-01 3.593028e-02 9.816058e-02 -3.189721e-01 -4.616717e-01 -3.932600e-01 -2.119098e-01 -8.109172e-02 3.846208e-02 -2.992963e-02 -6.142509e-02 1.312505e-02 4.890549e-01 1.450883e-01 3.663502e-02 1.540474e-02 4.617270e-02 -6.861162e-02 -1.308891e-01 -3.297639e-02 1.266488e-02 3.169688e-02 3.765860e-02 -7.438671e-02 -4.104730e-04 5.612037e-02
<VARIANCE> 39
 7.640222e+01 3.907193e+01 3.715492e+01 6.487626e+01 8.572958e+01 5.130225e+01 1.017897e+02 3.236365e+01 6.486726e+01 2.071405e+01 3.677068e+01 1.843432e+01 1.895204e+02 5.747358e+00 3.640649e+00 2.720200e+00 2.590151e+00 3.366964e+00 4.276974e+00 3.399611e+00 2.714898e+00 1.947393e+00 2.321110e+00 2.573066e+00 1.776816e+00 3.811016e+00 5.612288e-01 5.995987e-01 4.078586e-01 4.295244e-01 4.409620e-01 6.340544e-01 5.224258e-01 4.718987e-01 3.355474e-01 4.337205e-01 4.623980e-01 3.281156e-01 4.902726e-01
<GCONST> 1.271394e+02
<TRANSP> 5
 0.000000e+00 1.000000e+00 0.000000e+00 0.000000e+00 0.000000e+00
 0.000000e+00 9.374736e-01 6.252640e-02 0.000000e+00 0.000000e+00
 0.000000e+00 0.000000e+00 9.246548e-01 7.534523e-02 0.000000e+00
 0.000000e+00 0.000000e+00 0.000000e+00 9.385919e-01 6.140812e-02
 0.000000e+00 0.000000e+00 0.000000e+00 0.000000e+00 0.000000e+00
<ENDHMM>
~h "g"
<BEGINHMM>
<NUMSTATES> 5
<STATE> 2
<MEAN> 39
 -7.166364e-01 -4.328160e+00 3.376373e+00 -8.414387e+00 -6.703504e+00 -4.648418e+00 -3.897778e+00 -3.264548e+00 5.211769e+00 -1.198049e+01 -7.829470e+00 3.596586e+00 8.139064e+01 1.726959e-02 -3.502868e-02 -2.394762e-02 -4.464932e-02 -1.146046e-01 -6.416139e-02 5.935076e-02 8.034007e-02 5.529381e-03 8.436713e-02 -2.425201e-02 4.307366e-02 1.029740e-01 -3.562474e-02 9.053716e-03 2.724876e-02 6.748356e-02 4.312357e-02 5.847220e-02 6.595765e-03 -3.515255e-02 9.210443e-03 1.281390e-02 -2.410048e-02 -2.917347e-02 -3.916897e-02
<VARIANCE> 39
 5.505468e+00 4.825443e+01 5.439143e+01 3.359705e+01 3.219862e+01 5.690090e+01 1.306562e+02 4.264117e+01 9.284231e+01 3.065682e+01 3.589116e+01 4.358780e+01 1.714053e+01 3.472204e-01 1.680289e+00 1.778965e+00 1.880377e+00 1.146138e+00 2.907633e+00 2.964594e+00 1.514968e+00 2.107854e+00 1.450498e+00 1.653344e+00 1.749488e+00 6.478235e-01 6.925081e-02 1.564863e-01 2.071632e-01 2.680112e-01 1.675826e-01 3.399978e-01 3.279186e-01 2.046780e-01 3.352671e-01 2.666169e-01 2.787948e-01 2.619851e-01 7.704613e-02
<GCONST> 1.036022e+02
<STATE> 3
<MEAN> 39
 -3.024931e+00 -2.011630e+00 4.465296e+00 -1.693493e+00 -2.353464e+00 2.548239e+00 -2.103658e+00 -6.919625e+00 7.998483e+00 -7.907667e+00 -9.933074e+00 -4.288172e-01 7.778108e+01 -2.478706e-01 2.995992e-01 1.775513e-01 8.570445e-01 9.094898e-01 3.129739e-01 -2.865275e-01 -4.678862e-01 5.480677e-02 2.478534e-01 -5.220985e-02 -4.749996e-01 -4.839538e-01 -3.196350e-02 4.071396e-02 -5.024431e-02 -2.513841e-03 1.044974e-01 -8.557557e-02 4.580812e-02 1.369327e-01 -1.483751e-01 -4.823856e-03 1.415371e-01 -3.132101e-02 -6.052418e-02
<VARIANCE> 39
 8.707138e+00 1.873038e+01 1.915275e+01 3.189492e+01 2.945417e+01 4.165778e+01 2.152451e+01 3.778492e+01 1.024616e+02 2.189967e+01 9.275449e+01 1.838616e+01 1.576466e+01 2.074940e-01 1.093241e+00 5.879340e-01 1.248606e+00 7.167904e-01 1.501174e+00 1.393358e+00 1.778630e+00 1.392155e+00 1.228256e+00 1.745795e+00 8.940607e-01 5.219582e-01 3.008368e-02 1.374271e-01 8.684306e-02 2.135135e-01 1.392926e-01 2.376252e-01 1.776886e-01 2.266340e-01 2.117904e-01 2.322911e-01 3.743115e-01 1.791534e-01 6.076891e-02
<GCONST> 8.982355e+01
<STATE> 4
<MEAN> 39
 -5.395929e+00 -4.090314e+00 4.186242e+00 5.807483e+00 7.466749e+00 -1.918828e+00 -6.084015e+00 -1.175238e+01 -9.320617e+00 -5.433729e+00 1.780691e+00 -2.225631e+00 7.588451e+01 -2.066245e-01 8.643924e-02 -6.527562e-02 1.024624e-01 2.086622e-01 1.431405e-01 8.382323e-02 8.503731e-02 -9.105581e-02 5.296975e-02 1.798443e-01 -7.026000e-02 -2.937644e-01 -6.865229e-02 2.121431e-02 -3.533883e-02 -1.101311e-01 -1.131821e-01 4.946342e-02 8.818588e-02 8.787734e-02 1.666845e-01 4.578867e-02 -6.984413e-02 3.319801e-02 -8.887715e-02
<VARIANCE> 39
 1.595079e+01 6.393446e+01 2.839906e+01 4.875150e+01 3.957020e+01 4.224887e+01 6.240188e+01 5.280743e+01 1.070738e+02 2.924567e+01 5.948952e+01 2.442401e+01 5.352729e+01 1.417724e+00 4.122776e+00 2.175436e+00 2.858119e+00 2.175247e+00 2.917082e+00 4.560486e+00 3.252992e+00 5.495522e+00 2.188286e+00 3.076452e+00 1.715688e+00 3.557337e+00 1.402838e-01 6.395912e-01 3.635294e-01 4.204543e-01 3.119474e-01 4.985713e-01 7.209882e-01 4.904790e-01 6.815429e-01 3.732370e-01 4.208757e-01 2.808278e-01 4.081599e-01
<GCONST> 1.226375e+02
<TRANSP> 5
 0.000000e+00 1.000000e+00 0.000000e+00 0.000000e+00 0.000000e+00
 0.000000e+00 9.497635e-01 5.023645e-02 0.000000e+00 0.000000e+00
 0.000000e+00 0.000000e+00 8.774418e-01 1.225582e-01 0.000000e+00
 0.000000e+00 0.000000e+00 0.000000e+00 9.343666e-01 6.563336e-02
 0.000000e+00 0.000000e+00 0.000000e+00 0.000000e+00 0.000000e+00
<ENDHMM>
~h "i"
<BEGINHMM>
<NUMSTATES> 5
<STATE> 2
<MEAN> 39
 -7.200466e+00 -4.578154e+00 1.047734e+00 -5.322348e+00 -4.865082e+00 -2.223434e+00 2.138457e-01 -1.670503e+00 2.272882e+00 -5.452029e+00 -6.137522e-01 -6.521328e-01 7.392130e+01 3.346661e-01 1.798978e-01 -4.575837e-02 -2.658639e-01 -3.465990e-01 -1.209736e-01 1.904297e-01 8.325365e-02 1.452915e-01 1.219735e-01 -1.792391e-01 -6.051647e-03 3.941094e-01 -6.859315e-02 1.034716e-01 2.404088e-03 8.823960e-02 5.157505e-02 5.255028e-02 -3.799707e-02 -6.948952e-04 2.902992e-02 -2.558466e-02 2.715739e-02 -1.047935e-02 -1.865475e-01
<VARIANCE> 39
 7.105501e+01 6.826835e+01 3.770953e+01 6.664340e+01 7.441857e+01 4.394903e+01 8.509781e+01 7.505894e+01 9.311153e+01 6.728827e+01 3.582260e+01 2.000471e+01 1.342232e+02 4.573459e+00 4.195757e+00 2.480264e+00 2.967726e+00 3.080834e+00 2.688287e+00 4.645748e+00 2.506143e+00 3.304853e+00 2.329551e+00 1.798277e+00 1.227202e+00 8.919991e+00 4.923241e-01 5.053935e-01 3.187212e-01 3.273208e-01 4.523648e-01 4.786243e-01 6.276439e-01 3.496124e-01 4.633923e-01 3.543464e-01 2.731995e-01 2.049286e-01 8.229222e-01
<GCONST> 1.280229e+02
<STATE> 3
<MEAN> 39
 -8.341208e+00 -5.987868e-01 2.725962e+00 2.117655e-01 8.370560e-01 2.983400e-01 -1.149129e+00 -5.203168e+00 -1.546933e+00 -3.446946e+00 1.137064e+00 -6.344465e-01 7.080251e+01 -5.622939e-01 7.969259e-01 -1.620922e-01 1.125724e-01 9.365663e-03 4.066146e-01 5.055642e-01 3.749840e-01 4.875107e-01 1.286421e-01 -1.244555e-02 2.692276e-02 -1.120862e+00 -4.952960e-02 -7.475677e-02 -2.389462e-02 1.720917e-02 4.066446e-02 -5.814520e-02 -2.043722e-02 4.103468e-02 -3.560184e-02 -2.983543e-02 7.766542e-02 1.629438e-02 -4.373533e-02
<VARIANCE> 39
 5.896838e+01 6.410538e+01 3.859943e+01 7.302875e+01 5.207500e+01 4.917603e+01 4.596377e+01 5.281448e+01 9.896531e+01 4.742145e+01 6.485934e+01 3.252715e+01 8.853301e+01 1.823516e+00 2.489150e+00 2.695473e+00 2.890607e+00 1.895443e+00 2.035970e+00 2.734538e+00 1.949567e+00 3.060893e+00 1.759463e+00 1.835019e+00 1.326756e+00 2.098210e+00 2.133098e-01 4.056223e-01 3.725421e-01 3.330884e-01 2.536305e-01 3.391246e-01 3.985365e-01 2.780078e-01 4.426035e-01 2.968243e-01 3.004256e-01 2.674505e-01 1.994064e-01
<GCONST> 1.186465e+02
<STATE> 4
<MEAN> 39
 -1.498015e+01 2.288092e+00 6.852527e-01 9.896321e-01 2.019865e+00 2.126970e+00 1.605558e+00 -2.642721e+00 2.612199e+00 -2.081724e+00 5.371209e-01 -1.816054e+00 5.961755e+01 -4.205711e-01 1.056925e-01 -2.222041e-01 -1.232147e-01 -5.344643e-03 6.527027e-02 2.284324e-01 1.884176e-01 3.712698e-02 2.005339e-01 1.694130e-01 6.531982e-02 -6.747870e-01 5.590995e-02 -1.520613e-01 1.401936e-02 -1.136403e-02 1.367595e-03 -6.617115e-02 -8.414646e-02 -5.360720e-02 -7.510630e-02 -5.461862e-02 1.356371e-02 -2.562195e-02 1.597730e-01
<VARIANCE> 39
 4.071597e+01 3.182639e+01 2.133734e+01 2.809444e+01 2.327699e+01 2.301873e+01 2.391062e+01 3.568518e+01 3.625698e+01 2.614802e+01 1.682205e+01 1.392777e+01 8.438130e+01 6.297245e-01 1.552057e+00 1.286119e+00 1.207259e+00 1.104807e+00 1.220204e+00 1.704031e+00 1.482558e+00 1.577175e+00 1.185397e+00 1.087099e+00 9.748835e-01 1.051244e+00 1.039612e-01 2.894481e-01 1.945734e-01 2.138983e-01 2.099496e-01 2.425610e-01 3.039427e-01 2.772250e-01 3.261241e-01 2.327817e-01 2.180801e-01 1.718572e-01 1.778904e-01
<GCONST> 9.767297e+01
<TRANSP> 5
 0.000000e+00 1.000000e+00 0.000000e+00 0.000000e+00 0.000000e+00
 0.000000e+00 6.805592e-01 3.194408e-01 0.000000e+00 0.000000e+00
 0.000000e+00 0.000000e+00 5.037174e-01 4.962826e-01 0.000000e+00
 0.000000e+00 0.000000e+00 0.000000e+00 7.290389e-01 2.709611e-01
 0.000000e+00 0.000000e+00 0.000000e+00 0.000000e+00 0.000000e+00
<ENDHMM>
~h "j"
<BEGINHMM>
<NUMSTATES> 5
<STATE> 2
<MEAN> 39
 -1.008766e+01 2.959440e+00 -2.971001e+00 -4.215661e+00 -2.827553e+00 -1.381224e+00 1.848412e+00 -1.838914e+00 5.988581e-01 -2.956820e-02 2.614121e+00 -1.605987e+00 6.396613e+01 -9.139884e-01 2.358101e-01 -5.099540e-02 2.851287e-01 4.296266e-01 3.295665e-01 4.098491e-02 2.129800e-01 2.820451e-01 6.082871e-02 1.862741e-01 1.446856e-01 -1.246523e+00 6.083783e-02 -1.685592e-01 1.152220e-01 9.573504e-03 -3.945772e-03 -4.927865e-02 -8.037917e-03 -1.597684e-01 -1.170656e-01 -5.690581e-02 -1.139690e-01 2.581949e-02 2.667093e-01
<VARIANCE> 39
 6.620389e+01 1.030750e+01 1.260437e+01 2.015049e+01 3.322430e+01 2.588105e+01 1.616772e+01 2.718074e+01 9.495940e+01 2.269050e+01 3.684967e+01 1.262557e+01 8.398667e+01 1.177129e+00 1.126551e+00 1.093918e+00 8.379513e-01 1.020694e+00 1.195947e+00 1.735223e+00 1.526330e+00 2.111086e+00 1.632764e+00 1.336206e+00 1.280496e+00 1.603029e+00 1.933913e-01 2.413712e-01 1.631855e-01 1.865663e-01 1.880358e-01 2.231146e-01 3.969461e-01 2.605555e-01 2.974091e-01 2.839505e-01 2.388403e-01 2.427933e-01 3.750155e-01
<GCONST> 1.001498e+02
<STATE> 3
<MEAN> 39
 -1.556715e+01 2.007922e+00 -1.655099e+00 -1.430566e+00 7.476954e-01 1.064301e+00 1.471473e+00 -3.552563e+00 1.168728e+00 -7.299390e-01 1.856619e+00 -1.078143e+00 5.741720e+01 8.030670e-01 -1.159603e+00 6.630076e-01 -5.481047e-01 -6.433797e-01 -1.027274e-01 4.458249e-02 -1.061585e+00 -9.158186e-01 -7.411735e-01 -7.156879e-01 2.600732e-01 2.863314e+00 8.160024e-01 -5.229449e-01 2.612991e-01 -5.078306e-01 -6.712103e-01 -2.776099e-01 1.038810e-01 -4.658430e-02 -1.389980e-01 -3.339110e-01 -5.305887e-01 2.821714e-02 1.637078e+00
<VARIANCE> 39
 4.035074e+01 1.001998e+01 8.235992e+00 1.215331e+01 1.753768e+01 2.355671e+01 1.600966e+01 2.082701e+01 4.720020e+01 1.970997e+01 1.950129e+01 1.139715e+01 7.951833e+01 3.886640e+00 3.365599e+00 3.225188e+00 4.095406e+00 3.072050e+00 3.364277e+00 4.498593e+00 2.399537e+00 3.335728e+00 2.060839e+00 3.288891e+00 1.750697e+00 1.139601e+01 5.544670e-01 3.832096e-01 2.752296e-01 5.924932e-01 5.590585e-01 5.005834e-01 9.919881e-01 5.471862e-01 6.062643e-01 4.090656e-01 6.681029e-01 3.477401e-01 1.288035e+00
<GCONST> 1.188645e+02
<STATE> 4
<MEAN> 39
 -3.812137e+00 -7.162154e+00 1.647715e+00 -1.014419e+01 -7.891267e+00 -2.393062e+00 5.251444e+00 -7.970817e+00 -1.309505e+00 -1.911736e+00 -5.903119e+00 3.250514e-01 8.009557e+01 9.459850e-01 -9.202142e-02 2.203043e-01 -1.735845e-01 -3.830501e-01 -3.576074e-01 -2.202540e-01 1.477625e-01 3.210109e-01 -7.592292e-02 -2.924318e-01 1.285502e-01 1.221132e+00 -2.939150e-01 2.687385e-01 -6.254143e-02 2.251816e-01 2.403196e-01 1.091993e-01 -7.846915e-02 9.699018e-02 1.279752e-01 8.121869e-02 1.517374e-01 -4.103784e-02 -6.485170e-01
<VARIANCE> 39
 3.599620e+01 4.737097e+01 2.274947e+01 3.866066e+01 3.310949e+01 4.310029e+01 8.500912e+01 6.929930e+01 9.001156e+01 8.715349e+01 4.368454e+01 1.808415e+01 4.738242e+01 4.282276e+00 5.054361e+00 2.003902e+00 3.835011e+00 3.994587e+00 2.916605e+00 5.112342e+00 3.465567e+00 3.309249e+00 6.651597e+00 3.971699e+00 1.639894e+00 1.221888e+01 4.422104e-01 5.922738e-01 4.385279e-01 5.025134e-01 4.993147e-01 5.662576e-01 8.159820e-01 5.476038e-01 5.168678e-01 1.146138e+00 5.521905e-01 2.992201e-01 7.433987e-01
<GCONST> 1.317112e+02
<TRANSP> 5
 0.000000e+00 1.000000e+00 0.000000e+00 0.000000e+00 0.000000e+00
 0.000000e+00 7.957344e-01 2.042656e-01 0.000000e+00 0.000000e+00
 0.000000e+00 0.000000e+00 4.941062e-01 5.058938e-01 0.000000e+00
 0.000000e+00 0.000000e+00 0.000000e+00 8.646476e-01 1.353524e-01
 0.000000e+00 0.000000e+00 0.000000e+00 0.000000e+00 0.000000e+00
<ENDHMM>
~h "k"
<BEGINHMM>
<NUMSTATES> 5
<STATE> 2
<MEAN> 39
 -1.476575e+01 -2.954973e+00 -1.107236e+00 -2.533719e+00 2.336663e-01 1.721642e+00 2.103589e+00 -5.893933e+00 -3.065871e+00 -2.805873e+00 2.296811e+00 -4.027265e-01 6.614660e+01 8.937178e-01 -6.692520e-01 7.867675e-02 -6.819203e-01 -5.122300e-01 -2.782196e-01 2.581728e-01 -4.389925e-01 -1.033697e+00 -1.662965e-01 2.004853e-01 2.390370e-01 1.775059e+00 2.847631e-01 2.759799e-02 2.868134e-02 1.212845e-02 -8.707944e-02 -1.036463e-01 -3.205932e-02 -8.982204e-03 5.594810e-02 1.225823e-01 -1.019353e-01 -5.089834e-02 1.687003e-01
<VARIANCE> 39
 4.688789e+01 4.499371e+01 3.296632e+01 4.642346e+01 3.099819e+01 2.740313e+01 4.043760e+01 4.162728e+01 7.512991e+01 3.913841e+01 3.207527e+01 1.734986e+01 1.180065e+02 4.662820e+00 4.408976e+00 4.307773e+00 4.664201e+00 2.945490e+00 2.699879e+00 4.085812e+00 3.782097e+00 6.580667e+00 3.598034e+00 2.948463e+00 2.006273e+00 9.229286e+00 4.889730e-01 9.496883e-01 9.172920e-01 1.021766e+00 6.119199e-01 5.150623e-01 7.273492e-01 7.071824e-01 1.177101e+00 7.725481e-01 5.133710e-01 3.685887e-01 1.591155e+00
<GCONST> 1.339693e+02
<STATE> 3
<MEAN> 39
 -3.448183e+00 -4.567715e+00 -1.784450e+00 -7.007978e+00 -5.507884e+00 -1.970161e+00 4.507200e+00 -7.628060e+00 -5.027646e+00 1.045389e+00 -2.805968e-01 -8.498653e-01 7.723676e+01 1.427794e-01 5.636766e-01 8.217872e-03 -9.407806e-02 -3.918862e-01 -1.839280e-01 7.177716e-02 4.392689e-01 9.351816e-01 2.007981e-01 -5.101998e-01 -2.992561e-01 -3.459415e-01 -4.014323e-01 1.367207e-01 4.630714e-02 1.134803e-01 1.199702e-01 9.981389e-02 -6.576812e-02 9.889995e-02 1.576005e-01 -1.690967e-01 8.369049e-02 4.719861e-02 -3.464368e-01
<VARIANCE> 39
 4.899679e+01 3.722513e+01 1.696110e+01 3.244040e+01 3.933436e+01 3.173539e+01 5.422843e+01 4.786283e+01 8.290623e+01 4.374047e+01 8.582702e+01 2.144611e+01 9.745078e+01 2.731537e+00 2.754833e+00 1.442813e+00 2.531674e+00 2.013912e+00 1.903881e+00 1.855546e+00 2.047143e+00 2.434330e+00 3.089137e+00 1.976772e+00 1.321238e+00 2.754877e+00 3.283397e-01 3.894839e-01 2.870701e-01 3.960433e-01 3.182242e-01 3.655832e-01 3.178923e-01 2.879697e-01 4.314081e-01 4.170322e-01 3.202488e-01 2.756023e-01 4.018992e-01
<GCONST> 1.169364e+02
<STATE> 4
<MEAN> 39
 -1.138616e+01 9.742210e-01 -7.995543e-01 -1.799757e+00 2.099602e-01 2.536114e+00 1.975089e+00 -3.680995e+00 1.674255e+00 -6.377794e-01 8.439590e-01 -7.760899e-01 6.559574e+01 -7.272046e-01 1.894805e-01 5.548331e-02 1.475160e-02 9.978469e-02 1.093906e-01 4.267561e-02 3.059169e-01 6.822390e-01 -3.933838e-02 -1.147428e-01 6.872035e-02 -7.934215e-01 3.770792e-02 -1.931325e-01 -2.309701e-02 -7.251613e-02 -8.088322e-02 -8.767408e-02 -3.846644e-02 -7.278825e-02 -1.546869e-01 -9.978101e-03 1.104552e-01 6.690127e-03 1.730348e-01
<VARIANCE> 39
 6.183861e+01 2.399492e+01 1.447508e+01 2.810964e+01 4.150789e+01 4.907127e+01 2.793332e+01 3.452759e+01 7.311185e+01 2.758493e+01 3.517303e+01 1.620836e+01 9.612276e+01 2.614731e+00 2.105575e+00 1.349806e+00 3.746631e+00 2.802072e+00 2.628099e+00 2.618476e+00 2.517697e+00 3.307443e+00 1.864959e+00 1.705190e+00 1.460608e+00 3.910075e+00 2.342066e-01 3.490386e-01 2.311272e-01 3.424328e-01 3.509526e-01 4.034775e-01 4.442616e-01 4.393443e-01 4.932022e-01 3.021384e-01 2.731754e-01 2.773317e-01 4.104759e-01
<GCONST> 1.153007e+02
<TRANSP> 5
 0.000000e+00 1.000000e+00 0.000000e+00 0.000000e+00 0.000000e+00
 0.000000e+00 7.744073e-01 2.255927e-01 0.000000e+00 0.000000e+00
 0.000000e+00 0.000000e+00 6.889264e-01 3.110736e-01 0.000000e+00
 0.000000e+00 0.000000e+00 0.000000e+00 5.948287e-01 4.051713e-01
 0.000000e+00 0.000000e+00 0.000000e+00 0.000000e+00 0.000000e+00
<ENDHMM>
~h "l"
<BEGINHMM>
<NUMSTATES> 5
<STATE> 2
<MEAN> 39
 -8.637759e+00 -4.051924e+00 1.037714e+01 4.695450e+00 5.980420e+00 2.677278e+00 -4.154386e+00 -7.016625e+00 2.616802e+00 -9.008572e+00 -2.794691e+00 -2.811430e+00 7.440670e+01 4.748266e-01 -1.032745e+00 3.931251e-01 -1.396913e-01 1.185981e-01 -1.679911e-01 -7.902558e-01 -3.093055e-01 -2.041046e-02 -4.510412e-01 -3.818023e-01 -5.841954e-02 1.269952e+00 1.540822e-02 1.040019e-01 -1.237490e-01 -1.353433e-01 -1.921465e-02 -2.228591e-02 -1.054502e-03 2.024278e-02 4.444717e-03 2.525768e-02 3.645410e-02 8.399488e-02 -1.197351e-01
<VARIANCE> 39
 3.480175e+01 1.012137e+02 7.830827e+01 6.391521e+01 6.952581e+01 4.217923e+01 8.529709e+01 3.462127e+01 7.605563e+01 5.242984e+01 4.701251e+01 2.820575e+01 6.529469e+01 3.245206e+00 8.757857e+00 4.080279e+00 3.174116e+00 4.972880e+00 3.430840e+00 6.752618e+00 3.249728e+00 3.497481e+00 4.206182e+00 3.881630e+00 2.682669e+00 5.982974e+00 4.532287e-01 1.480310e+00 5.912191e-01 5.927544e-01 8.429341e-01 6.151695e-01 1.055665e+00 5.912169e-01 5.469437e-01 7.223162e-01 5.864856e-01 4.514793e-01 8.323585e-01
<GCONST> 1.376338e+02
<STATE> 3
<MEAN> 39
 -3.201761e+00 -6.694137e+00 4.786424e+00 2.957269e-01 2.467631e+00 -9.722400e-02 -4.693965e+00 -1.039135e+01 9.746109e-01 -7.438155e+00 -5.563460e+00 -2.235644e+00 7.994831e+01 1.195982e-01 1.738185e-01 -2.537827e-01 -2.514035e-01 -2.892551e-01 -1.660812e-01 6.256987e-02 2.695336e-01 9.053601e-03 -1.070121e-01 1.221769e-01 1.714113e-01 -4.075746e-02 -4.991528e-02 1.111288e-02 -1.812626e-02 -6.455245e-03 -1.610805e-02 -7.656012e-04 2.520572e-02 4.327199e-02 -1.277965e-02 2.434082e-02 9.163974e-02 5.428396e-02 -4.283075e-02
<VARIANCE> 39
 1.062456e+01 4.402610e+01 5.438808e+01 9.082400e+01 1.127530e+02 7.486883e+01 1.203986e+02 5.500672e+01 8.466079e+01 6.401433e+01 5.308926e+01 6.910698e+01 2.290751e+01 4.402980e-01 2.083235e+00 1.994950e+00 2.880033e+00 2.196161e+00 3.866975e+00 2.484905e+00 2.491529e+00 2.270904e+00 1.809475e+00 3.507279e+00 2.941874e+00 1.146949e+00 5.260678e-02 2.778004e-01 2.684495e-01 3.398165e-01 2.809453e-01 5.136708e-01 3.805455e-01 3.332974e-01 3.641673e-01 2.996741e-01 5.590239e-01 4.196727e-01 1.563536e-01
<GCONST> 1.174733e+02
<STATE> 4
<MEAN> 39
 -2.402421e+00 -4.073682e+00 3.038611e+00 -3.172463e+00 -2.609196e+00 -2.848478e+00 -3.208388e+00 -4.083042e+00 -5.443245e-01 -9.727743e+00 -1.401815e+00 1.050638e+00 7.952686e+01 -1.030164e-01 8.877075e-02 -1.213821e-01 -1.007140e-01 -7.589322e-02 7.712212e-02 2.041290e-01 -8.248157e-02 -2.444754e-02 1.274293e-01 1.784626e-01 1.267872e-01 -1.763410e-01 -4.516115e-02 1.291211e-02 -9.412600e-03 2.499969e-02 5.101437e-02 5.938387e-02 5.609431e-03 -4.498381e-02 7.778625e-03 2.224367e-02 -1.009229e-02 -1.732309e-02 -5.676376e-02
<VARIANCE> 39
 8.606136e+00 5.841216e+01 2.326024e+01 5.767255e+01 6.194765e+01 4.933554e+01 8.926485e+01 5.505037e+01 1.222209e+02 6.830707e+01 9.761007e+01 4.027579e+01 3.674832e+01 3.938007e-01 1.684307e+00 1.001047e+00 1.433304e+00 1.947574e+00 2.069004e+00 2.299940e+00 1.620459e+00 1.903308e+00 1.897946e+00 2.913987e+00 2.178495e+00 1.067396e+00 3.342156e-02 2.097936e-01 1.564259e-01 1.908436e-01 2.135368e-01 3.202152e-01 3.367765e-01 2.601339e-01 3.313217e-01 3.145293e-01 4.402283e-01 3.180718e-01 8.794309e-02
<GCONST> 1.081440e+02
<TRANSP> 5
 0.000000e+00 1.000000e+00 0.000000e+00 0.000000e+00 0.000000e+00
 0.000000e+00 8.273716e-01 1.726284e-01 0.000000e+00 0.000000e+00
 0.000000e+00 0.000000e+00 9.065173e-01 9.348270e-02 0.000000e+00
 0.000000e+00 0.000000e+00 0.000000e+00 9.390635e-01 6.093649e-02
 0.000000e+00 0.000000e+00 0.000000e+00 0.000000e+00 0.000000e+00
<ENDHMM>
~h "m"
<BEGINHMM>
<NUMSTATES> 5
<STATE> 2
<MEAN> 39
 -8.645340e+00 2.743564e+00 -4.388021e-01 -5.918213e-02 8.332030e-01 1.501508e+00 1.132468e+00 -2.078303e+00 -3.670845e-01 -1.971305e+00 2.678507e+00 -1.315287e+00 6.606865e+01 -5.338725e-01 1.803684e-01 2.405827e-02 1.445893e-01 2.456854e-01 2.945457e-01 2.951830e-01 1.483814e-01 1.121627e-01 3.181070e-01 4.749947e-02 6.355456e-02 -7.104654e-01 -3.631597e-02 -4.244355e-02 5.311960e-02 -9.086914e-04 -2.036055e-02 -2.478443e-02 -2.506031e-02 -9.382672e-03 3.826828e-02 4.486879e-02 1.263724e-02 4.152041e-02 2.292620e-02
<VARIANCE> 39
 5.116314e+01 1.955365e+01 2.510474e+01 3.001092e+01 3.041652e+01 4.119521e+01 2.419449e+01 1.680838e+01 7.205637e+01 2.587254e+01 5.517139e+01 1.481730e+01 8.614569e+01 3.839078e-01 6.277027e-01 6.600561e-01 6.427288e-01 7.446902e-01 8.927733e-01 1.000161e+00 1.070356e+00 1.257216e+00 7.831352e-01 8.074336e-01 7.170428e-01 4.825939e-01 6.656227e-02 1.503301e-01 1.265087e-01 1.078658e-01 1.314817e-01 1.567616e-01 1.715757e-01 1.823776e-01 1.821025e-01 1.420658e-01 1.301700e-01 1.470523e-01 4.506191e-02
<GCONST> 8.617759e+01
<STATE> 3
<MEAN> 39
 -1.896646e+01 2.061230e+00 -1.101521e+00 -1.046552e-01 1.886062e+00 3.390307e+00 3.563192e+00 -3.502197e-01 4.135059e+00 -1.036794e+00 1.180203e+00 -1.555251e+00 5.344770e+01 -1.889977e-01 -5.598171e-02 -8.570684e-02 -5.242482e-02 -3.848070e-02 -5.412625e-02 -4.136659e-03 5.368952e-02 2.823607e-02 5.727849e-02 3.537549e-02 1.983004e-02 -2.119318e-01 1.900068e-02 -2.173685e-02 -1.075833e-03 7.794518e-04 2.089554e-03 -1.119371e-02 -1.647661e-02 -2.462122e-02 -2.978298e-02 -1.858547e-02 1.495540e-03 -7.679284e-03 3.551708e-02
<VARIANCE> 39
 1.503921e+01 8.392496e+00 1.078604e+01 1.135902e+01 1.255893e+01 1.171192e+01 1.079294e+01 2.241586e+01 1.585142e+01 1.726228e+01 9.711616e+00 1.005478e+01 6.198727e+01 2.792846e-01 3.233011e-01 4.888044e-01 5.618584e-01 6.506419e-01 8.025907e-01 8.459408e-01 9.620668e-01 1.109995e+00 9.149908e-01 7.990095e-01 7.420733e-01 2.697601e-01 2.801472e-02 7.658583e-02 9.530056e-02 1.072375e-01 1.254906e-01 1.610219e-01 1.707340e-01 1.925142e-01 2.268939e-01 1.903415e-01 1.562129e-01 1.509788e-01 2.072728e-02
<GCONST> 7.094275e+01
<STATE> 4
<MEAN> 39
 -1.542753e+01 2.956926e+00 -1.860606e-01 -1.940427e-01 1.581305e+00 2.718040e+00 2.469456e+00 -2.415576e-01 2.430322e+00 -7.527357e-01 5.649064e-01 -1.181149e+00 5.958413e+01 -5.050681e-01 -3.019744e-01 -1.208199e-01 -1.321933e-01 -5.297402e-02 -2.140880e-01 -2.489766e-01 -1.687944e-01 -2.281954e-01 -6.669502e-02 1.597702e-02 1.271574e-02 -3.326092e-01 1.145499e-01 -1.476506e-01 2.367532e-01 1.774459e-01 6.235782e-02 -1.381704e-02 -9.290205e-02 -1.692635e-01 -1.313533e-01 -1.028044e-01 -1.204326e-01 -1.773889e-01 3.291768e-01
<VARIANCE> 39
 3.394187e+01 1.792208e+01 2.089258e+01 3.078864e+01 2.384681e+01 1.859729e+01 1.899830e+01 2.590052e+01 2.890857e+01 2.289105e+01 1.589840e+01 1.274600e+01 6.912776e+01 5.757785e-01 6.775005e-01 9.562079e-01 1.239925e+00 1.481610e+00 1.426868e+00 1.132258e+00 1.269073e+00 1.379553e+00 1.174939e+00 1.107605e+00 9.328935e-01 9.200724e-01 1.087877e-01 2.999105e-01 2.191338e-01 2.691741e-01 2.464167e-01 3.104735e-01 2.813656e-01 2.572068e-01 3.639130e-01 2.913516e-01 2.080110e-01 1.680598e-01 2.479360e-01
<GCONST> 9.522072e+01
<TRANSP> 5
 0.000000e+00 1.000000e+00 0.000000e+00 0.000000e+00 0.000000e+00
 0.000000e+00 6.880268e-01 3.119732e-01 0.000000e+00 0.000000e+00
 0.000000e+00 0.000000e+00 9.002694e-01 9.973059e-02 0.000000e+00
 0.000000e+00 0.000000e+00 0.000000e+00 4.290115e-01 5.709885e-01
 0.000000e+00 0.000000e+00 0.000000e+00 0.000000e+00 0.000000e+00
<ENDHMM>
~h "n"
<BEGINHMM>
<NUMSTATES> 5
<STATE> 2
<MEAN> 39
 -1.041525e+01 5.480754e-01 7.313974e+00 4.636622e+00 3.867726e+00 1.244090e+00 -2.502780e+00 -5.330415e+00 -1.090118e+00 -5.124156e+00 -1.788649e+00 -2.511312e+00 6.915141e+01 4.301858e-01 -4.021403e-01 7.241753e-01 7.436363e-01 5.730138e-01 -3.143462e-01 -8.618579e-01 -5.236802e-01 -3.205546e-01 -4.517431e-01 -7.759117e-03 -1.691556e-01 7.945961e-01 3.455903e-02 2.874833e-02 -1.845165e-01 -1.073705e-01 -7.130358e-03 -8.331599e-02 2.487792e-02 5.541529e-02 -7.287739e-02 -3.040610e-04 1.298411e-01 8.722924e-02 -7.190049e-02
<VARIANCE> 39
 4.151886e+01 8.315251e+01 6.630132e+01 6.444648e+01 3.299054e+01 3.855471e+01 4.190438e+01 3.453856e+01 5.278058e+01 3.601434e+01 5.144336e+01 1.859539e+01 8.291019e+01 2.934727e+00 6.581032e+00 3.805210e+00 3.061988e+00 3.103849e+00 3.232748e+00 3.830406e+00 3.610971e+00 4.435382e+00 2.432652e+00 3.015141e+00 1.588676e+00 3.624603e+00 2.717099e-01 1.062811e+00 6.422468e-01 5.149991e-01 5.268044e-01 5.598792e-01 6.008024e-01 5.473276e-01 5.890343e-01 4.386758e-01 4.816783e-01 2.890007e-01 4.158899e-01
<GCONST> 1.281391e+02
<STATE> 3
<MEAN> 39
 -8.073429e+00 -2.417169e+00 9.076592e+00 7.173851e+00 6.910945e+00 -5.450457e-01 -6.455828e+00 -8.613378e+00 -1.427998e+00 -7.220254e+00 -1.705518e+00 -3.439711e+00 7.251971e+01 5.467401e-01 3.087731e-01 -7.318092e-01 -3.419098e-01 2.162001e-01 -5.138873e-02 -7.677695e-02 -4.538365e-02 -4.736487e-01 -1.943083e-01 4.313729e-01 2.058606e-01 1.187810e-01 -5.803330e-02 5.502125e-02 -2.572559e-01 -3.000828e-01 -2.802920e-01 1.168316e-01 3.559305e-01 1.790613e-01 -3.972088e-02 1.329214e-01 5.915244e-02 1.404242e-01 -7.214135e-02
<VARIANCE> 39
 2.466034e+01 6.929990e+01 7.370695e+01 6.698560e+01 4.503251e+01 4.706277e+01 5.511134e+01 4.332624e+01 6.027924e+01 3.425696e+01 6.193362e+01 2.366256e+01 9.521429e+01 1.504353e+00 1.878072e+00 2.404685e+00 2.393797e+00 1.574666e+00 2.262657e+00 2.448409e+00 2.055020e+00 2.413714e+00 1.543308e+00 2.080125e+00 1.512008e+00 1.780034e+00 1.379211e-01 4.733138e-01 3.801617e-01 3.079846e-01 3.325161e-01 4.655262e-01 4.258271e-01 4.540038e-01 4.532153e-01 3.027231e-01 4.927813e-01 2.831704e-01 2.329937e-01
<GCONST> 1.174587e+02
<STATE> 4
<MEAN> 39
 -5.366523e+00 2.539054e+00 2.452396e+00 3.188169e+00 4.398598e+00 -7.803880e-01 -4.129675e+00 -5.472458e+00 -5.557844e+00 -2.332531e+00 3.570393e+00 -2.043502e-01 7.171219e+01 -1.661763e-01 5.476034e-02 -3.143674e-01 -3.392754e-01 -2.738130e-01 1.659451e-01 5.598897e-01 2.858596e-01 2.411105e-01 1.842977e-01 -1.259218e-02 2.297419e-01 -2.331756e-01 -4.752192e-02 -4.667870e-02 3.195048e-02 5.902055e-03 -1.772237e-02 -3.138430e-02 -3.023583e-03 -6.068677e-03 4.784493e-02 1.796114e-02 -4.857868e-02 -4.545584e-02 -2.900151e-03
<VARIANCE> 39
 1.979257e+01 4.748273e+01 2.655396e+01 4.840903e+01 3.209195e+01 4.517535e+01 6.011164e+01 3.214145e+01 7.894498e+01 5.224502e+01 7.551151e+01 3.969208e+01 4.596974e+01 7.224379e-01 1.980268e+00 1.562273e+00 2.383025e+00 1.622541e+00 1.952130e+00 2.194733e+00 1.840277e+00 3.426381e+00 1.404623e+00 3.262048e+00 1.896619e+00 1.225337e+00 6.784969e-02 2.815779e-01 2.353802e-01 3.459256e-01 2.741172e-01 3.182383e-01 3.557516e-01 3.123700e-01 5.540103e-01 2.566171e-01 4.978982e-01 3.202891e-01 1.433486e-01
<GCONST> 1.116726e+02
<TRANSP> 5
 0.000000e+00 1.000000e+00 0.000000e+00 0.000000e+00 0.000000e+00
 0.000000e+00 6.770935e-01 3.229065e-01 0.000000e+00 0.000000e+00
 0.000000e+00 0.000000e+00 5.442675e-01 4.557325e-01 0.000000e+00
 0.000000e+00 0.000000e+00 0.000000e+00 8.850999e-01 1.149001e-01
 0.000000e+00 0.000000e+00 0.000000e+00 0.000000e+00 0.000000e+00
<ENDHMM>
~h "o"
<BEGINHMM>
<NUMSTATES> 5
<STATE> 2
<MEAN> 39
 -3.698242e+00 -3.038671e+00 4.242223e+00 -6.235368e+00 -2.907246e+00 -1.848632e+00 -7.257498e+00 -3.669427e+00 4.720699e+00 -1.109953e+01 -6.014758e+00 4.896563e-01 7.814184e+01 7.400402e-01 -1.361918e-01 8.358105e-02 2.279913e-01 1.365409e-03 -4.723631e-01 -5.944089e-01 -4.831642e-02 -1.220228e-01 -3.794244e-01 -7.829651e-02 6.072351e-02 6.106753e-01 -1.269651e-01 6.083270e-02 -3.250019e-02 7.405375e-02 6.126577e-02 5.985832e-02 5.409239e-02 5.482862e-03 3.439930e-02 8.169875e-02 4.257502e-02 7.693137e-04 -1.925525e-01
<VARIANCE> 39
 3.515406e+01 5.974943e+01 5.509130e+01 9.534821e+01 1.076009e+02 7.014171e+01 1.040648e+02 4.379777e+01 1.523892e+02 4.607023e+01 6.494102e+01 3.469310e+01 4.703239e+01 3.142174e+00 4.394343e+00 2.508486e+00 4.481283e+00 4.272224e+00 4.407408e+00 5.252271e+00 2.237330e+00 4.030030e+00 2.814175e+00 3.403885e+00 2.125531e+00 4.192566e+00 4.103427e-01 6.975730e-01 4.018271e-01 7.448443e-01 6.366745e-01 7.619563e-01 8.348439e-01 3.551322e-01 5.724066e-01 4.965250e-01 5.093401e-01 3.833360e-01 5.320901e-01
<GCONST> 1.340407e+02
<STATE> 3
<MEAN> 39
 -1.308856e+00 1.446023e+00 1.231036e+00 -2.892165e+00 -3.579301e+00 -7.395330e+00 -4.987839e+00 -3.770254e+00 -2.686144e+00 -8.097479e+00 -2.185493e+00 -4.690263e-01 7.666265e+01 -3.589604e-01 3.981205e-01 3.999549e-01 4.065238e-01 2.256875e-01 3.982408e-01 1.786669e-01 -7.436330e-02 7.211095e-02 1.690601e-01 7.987086e-02 -1.705982e-01 -4.662241e-01 -1.565071e-01 2.900239e-02 6.922307e-02 6.645424e-02 1.174666e-01 2.090454e-01 1.275815e-01 2.238981e-02 5.059690e-02 4.402247e-02 -3.530231e-03 -2.414244e-02 -1.448410e-01
<VARIANCE> 39
 9.573452e+00 5.019108e+01 5.092506e+01 5.422784e+01 7.958171e+01 4.302058e+01 5.556668e+01 3.473315e+01 1.454393e+02 3.927860e+01 4.973217e+01 2.398288e+01 2.819537e+01 4.816012e-01 1.545123e+00 1.150491e+00 1.215789e+00 1.947251e+00 3.015475e+00 1.698056e+00 1.311475e+00 1.886415e+00 1.593574e+00 1.276551e+00 1.182932e+00 9.768425e-01 8.252095e-02 2.612762e-01 1.952482e-01 1.972206e-01 2.613696e-01 3.589255e-01 2.580167e-01 2.241132e-01 3.335505e-01 2.657676e-01 2.116049e-01 1.960286e-01 1.182464e-01
<GCONST> 1.046020e+02
<STATE> 4
<MEAN> 39
 -8.810555e+00 2.453690e+00 7.761343e+00 6.579310e+00 4.029055e+00 -6.077816e-01 -4.829545e+00 -3.843849e+00 1.709102e+00 -5.336182e+00 -9.136350e-01 -3.550313e+00 6.923294e+01 -8.369042e-01 3.955649e-02 -3.303578e-01 1.528113e-01 2.384197e-01 5.524783e-01 8.647600e-01 2.810898e-01 2.671313e-01 5.447050e-01 5.047530e-02 -2.167394e-02 -1.023637e+00 -3.188959e-02 -7.142545e-02 -8.510996e-02 -1.416746e-01 -1.038377e-01 -4.809029e-02 4.910529e-03 1.271080e-02 9.156406e-03 1.289527e-03 1.429306e-02 5.871665e-02 -1.770554e-02
<VARIANCE> 39
 1.784346e+01 4.559511e+01 4.578286e+01 9.620645e+01 5.095910e+01 4.616522e+01 5.690354e+01 2.811226e+01 1.450549e+02 4.230688e+01 6.320071e+01 2.252825e+01 4.373051e+01 5.118885e-01 1.446431e+00 1.154467e+00 1.320374e+00 1.516585e+00 1.879823e+00 2.253549e+00 1.440186e+00 2.640186e+00 1.503442e+00 1.423143e+00 1.168972e+00 6.296434e-01 6.297655e-02 1.885605e-01 1.695886e-01 1.736795e-01 2.087979e-01 3.293969e-01 3.607418e-01 2.549908e-01 3.429293e-01 2.614680e-01 2.496576e-01 1.853844e-01 5.240738e-02
<GCONST> 1.039874e+02
<TRANSP> 5
 0.000000e+00 1.000000e+00 0.000000e+00 0.000000e+00 0.000000e+00
 0.000000e+00 9.090068e-01 9.099324e-02 0.000000e+00 0.000000e+00
 0.000000e+00 0.000000e+00 8.695841e-01 1.304159e-01 0.000000e+00
 0.000000e+00 0.000000e+00 0.000000e+00 8.640246e-01 1.359754e-01
 0.000000e+00 0.000000e+00 0.000000e+00 0.000000e+00 0.000000e+00
<ENDHMM>
~h "p"
<BEGINHMM>
<NUMSTATES> 5
<STATE> 2
<MEAN> 39
 -1.967259e+01 1.908349e+00 -1.566016e+00 -5.058439e-01 1.531366e+00 2.823162e+00 3.503808e+00 -3.384079e-01 4.536816e+00 -1.171192e+00 1.101297e+00 -1.763610e+00 5.212068e+01 -1.395117e-01 -7.656862e-02 -9.610402e-02 -6.745006e-02 -7.084363e-02 -7.842395e-02 -3.418143e-02 -6.851920e-03 -5.256549e-02 -3.275766e-02 -3.538449e-02 -6.034843e-02 -1.544709e-01 3.531040e-02 2.273385e-03 2.897374e-02 1.026496e-02 -1.404208e-03 1.000480e-02 -1.507052e-04 -2.195042e-02 -1.600244e-02 -2.269715e-03 5.057307e-03 1.543683e-02 3.767614e-02
<VARIANCE> 39
 8.866985e+00 4.931001e+00 6.180369e+00 6.549923e+00 1.018766e+01 1.022498e+01 9.861124e+00 2.702512e+01 1.341503e+01 1.984017e+01 9.435015e+00 9.769492e+00 5.103938e+01 2.100982e-01 3.429851e-01 3.936616e-01 4.887045e-01 6.808405e-01 7.592112e-01 7.633621e-01 8.291578e-01 8.762510e-01 8.020498e-01 9.015849e-01 7.602801e-01 2.741180e-01 3.048653e-02 7.116946e-02 7.083313e-02 8.882775e-02 1.360018e-01 1.509552e-01 1.559343e-01 1.716569e-01 1.774997e-01 1.641437e-01 1.725432e-01 1.484353e-01 2.705471e-02
<GCONST> 6.648884e+01
<STATE> 3
<MEAN> 39
 -1.627574e+01 2.085345e+00 -2.500021e+00 -1.763281e+00 -1.202153e+00 -2.334923e-01 1.556627e+00 -7.088263e-01 2.160561e+00 -5.638909e-01 3.756984e-01 -9.470545e-01 5.733913e+01 -3.894043e-01 -2.509777e-02 -2.964497e-03 2.148800e-02 1.706378e-01 1.468613e-01 -5.351523e-02 -1.036634e-01 -5.854000e-02 6.085189e-02 2.544754e-01 2.071490e-01 -5.224991e-01 3.016743e-02 -5.923965e-02 7.355447e-02 3.184238e-02 3.698277e-02 9.684112e-02 7.338846e-02 -2.091297e-02 -1.182749e-02 3.034427e-02 1.028528e-02 -1.918565e-02 1.347232e-01
<VARIANCE> 39
 4.641222e+01 1.243594e+01 9.960134e+00 1.539539e+01 1.495773e+01 1.798623e+01 1.683743e+01 2.532928e+01 3.240341e+01 1.767383e+01 1.592204e+01 8.263355e+00 8.653237e+01 4.269994e-01 3.025073e-01 3.329231e-01 4.909136e-01 7.446127e-01 8.885159e-01 9.216319e-01 9.011095e-01 1.009965e+00 9.105709e-01 9.481993e-01 7.638021e-01 8.745489e-01 3.976432e-02 8.505616e-02 8.190330e-02 9.175929e-02 1.221467e-01 1.221468e-01 1.847408e-01 1.973792e-01 1.962999e-01 1.391880e-01 1.626212e-01 1.324749e-01 7.563484e-02
<GCONST> 7.729549e+01
<STATE> 4
<MEAN> 39
 -1.584253e+01 2.055258e+00 -2.385605e+00 -1.880083e+00 -7.179432e-01 7.143553e-01 3.017864e+00 -1.654904e-01 1.030646e+00 1.216001e+00 2.136523e+00 -3.849981e-01 5.934071e+01 -8.355337e-02 -1.073268e-01 3.927862e-02 1.495513e-02 2.203238e-02 1.248138e-01 6.584791e-02 -1.732571e-01 -1.844482e-01 1.545385e-01 1.836942e-01 -2.787129e-04 -7.797005e-02 1.166583e-01 -1.097832e-01 7.917600e-02 -3.196932e-02 -2.734419e-02 1.921072e-02 1.322324e-02 -1.290944e-01 -1.572983e-01 -6.328277e-02 -2.470779e-02 -4.643210e-02 2.929372e-01
<VARIANCE> 39
 4.938972e+01 1.019146e+01 7.163454e+00 1.155007e+01 1.553853e+01 1.978953e+01 1.638676e+01 3.196629e+01 4.015710e+01 1.836242e+01 1.730721e+01 9.105826e+00 7.842149e+01 1.140632e+00 5.332586e-01 6.144226e-01 7.730516e-01 9.907085e-01 1.174246e+00 1.073259e+00 1.238208e+00 1.588573e+00 8.688083e-01 8.994047e-01 8.544175e-01 1.069719e+00 1.305557e-01 1.680608e-01 1.513802e-01 1.822209e-01 2.181212e-01 2.608845e-01 2.681760e-01 3.015276e-01 3.524528e-01 2.038598e-01 2.138789e-01 1.847403e-01 3.193344e-01
<GCONST> 8.985222e+01
<TRANSP> 5
 0.000000e+00 1.000000e+00 0.000000e+00 0.000000e+00 0.000000e+00
 0.000000e+00 9.028132e-01 9.718681e-02 0.000000e+00 0.000000e+00
 0.000000e+00 0.000000e+00 3.147464e-01 6.852536e-01 0.000000e+00
 0.000000e+00 0.000000e+00 0.000000e+00 5.019850e-01 4.980150e-01
 0.000000e+00 0.000000e+00 0.000000e+00 0.000000e+00 0.000000e+00
<ENDHMM>
~h "r"
<BEGINHMM>
<NUMSTATES> 5
<STATE> 2
<MEAN> 39
 -9.257994e+00 -3.912833e+00 -2.106285e+00 -5.306255e+00 -4.316178e+00 -6.480417e-01 6.023298e+00 -5.954316e+00 -4.112557e+00 -8.985925e-01 2.839552e-01 3.820823e-01 7.119768e+01 1.701870e+00 -5.771490e-01 -6.376256e-02 -5.593969e-01 -6.182168e-01 -4.339975e-01 1.440503e-01 -5.142608e-01 -7.778035e-01 9.998992e-03 -1.891518e-01 1.007179e-01 2.362111e+00 4.250633e-02 1.852884e-01 8.963982e-03 2.358709e-02 6.106299e-02 -3.236360e-02 -1.992684e-01 1.384366e-01 1.827594e-01 -7.848324e-02 -1.062670e-01 -4.682963e-02 -1.110565e-01
<VARIANCE> 39
 6.317728e+01 4.868739e+01 2.180937e+01 3.647465e+01 4.798954e+01 2.604910e+01 5.186448e+01 4.860385e+01 6.884339e+01 5.573632e+01 4.920573e+01 1.780171e+01 1.211594e+02 4.388124e+00 4.131289e+00 1.826423e+00 3.162421e+00 3.358917e+00 2.446866e+00 3.273323e+00 3.301682e+00 4.412935e+00 4.554650e+00 2.578124e+00 1.712321e+00 8.749883e+00 8.220197e-01 6.228443e-01 3.494420e-01 5.183775e-01 5.920088e-01 4.421843e-01 4.686782e-01 4.888258e-01 6.819028e-01 7.412080e-01 3.874508e-01 2.907341e-01 1.471418e+00
<GCONST> 1.292968e+02
<STATE> 3
<MEAN> 39
 -3.144489e+00 -1.762271e+00 -1.758125e+00 -6.636873e+00 -5.258626e+00 -3.376102e+00 2.467965e+00 -4.585852e+00 -1.884121e+00 -2.689819e+00 -1.915640e+00 -7.809865e-01 7.640815e+01 -5.085984e-01 9.823810e-01 3.166627e-01 3.458735e-01 5.050697e-01 3.631789e-01 -7.491852e-01 3.567424e-01 7.584229e-01 -5.208925e-01 -1.651605e-01 -1.361386e-01 -9.533798e-01 -3.000484e-01 -5.825862e-02 4.570650e-02 4.748272e-02 6.935999e-02 1.353519e-01 6.713457e-02 6.435664e-02 1.331116e-01 6.165180e-02 1.033858e-01 6.721058e-02 -2.706348e-01
<VARIANCE> 39
 2.945979e+01 5.339297e+01 2.389884e+01 5.835228e+01 5.350996e+01 3.834607e+01 4.534984e+01 4.719709e+01 1.031994e+02 7.153034e+01 5.058318e+01 2.865164e+01 6.270030e+01 2.648795e+00 2.706888e+00 1.734737e+00 1.831183e+00 1.631275e+00 2.460952e+00 2.383162e+00 2.329373e+00 2.977326e+00 2.555531e+00 1.970609e+00 1.487166e+00 3.196635e+00 3.616714e-01 4.743567e-01 2.900917e-01 2.929689e-01 2.802738e-01 5.160416e-01 4.602304e-01 3.513765e-01 3.770956e-01 4.926594e-01 3.702815e-01 3.065445e-01 4.020215e-01
<GCONST> 1.196399e+02
<STATE> 4
<MEAN> 39
 -1.139461e+01 2.467467e+00 -1.535136e+00 -2.239966e+00 5.166445e-01 1.053523e+00 1.496872e+00 -2.840855e+00 -6.153098e-01 -2.562786e+00 6.838442e-01 2.433537e-01 6.512080e+01 -4.664230e-01 -2.191495e-01 8.071940e-02 2.530252e-02 2.093056e-01 5.332427e-02 -1.192496e-01 6.650024e-02 -4.255985e-02 5.580381e-03 1.072020e-01 4.426612e-02 -4.028397e-01 2.649202e-01 -1.299384e-01 1.782106e-02 -2.349697e-02 -1.080593e-01 -2.013336e-01 -6.259792e-02 -1.222356e-01 -2.082501e-01 -2.506826e-02 -2.783922e-02 -1.501538e-02 3.509198e-01
<VARIANCE> 39
 4.807080e+01 2.565471e+01 1.789384e+01 3.017592e+01 3.460019e+01 2.400794e+01 1.723931e+01 3.358095e+01 8.155260e+01 3.215227e+01 2.801912e+01 1.508183e+01 5.873332e+01 3.095483e+00 1.857164e+00 1.370331e+00 1.325183e+00 1.366446e+00 2.057960e+00 1.981530e+00 2.432928e+00 3.580537e+00 1.646343e+00 1.465704e+00 1.333677e+00 3.431576e+00 4.257997e-01 3.479038e-01 2.430198e-01 2.534512e-01 2.393122e-01 3.477466e-01 3.631128e-01 3.773886e-01 4.888729e-01 3.354985e-01 3.345179e-01 2.537755e-01 3.518663e-01
<GCONST> 1.103012e+02
<TRANSP> 5
 0.000000e+00 1.000000e+00 0.000000e+00 0.000000e+00 0.000000e+00
 0.000000e+00 7.514478e-01 2.485522e-01 0.000000e+00 0.000000e+00
 0.000000e+00 0.000000e+00 7.354465e-01 2.645536e-01 0.000000e+00
 0.000000e+00 0.000000e+00 0.000000e+00 7.706056e-01 2.293944e-01
 0.000000e+00 0.000000e+00 0.000000e+00 0.000000e+00 0.000000e+00
<ENDHMM>
~h "s"
<BEGINHMM>
<NUMSTATES> 5
<STATE> 2
<MEAN> 39
 -1.655011e+01 -1.137181e+00 7.192702e-01 -1.104179e+00 4.508100e-01 2.949999e+00 1.493066e+00 -4.514763e+00 1.143734e+00 -3.961136e+00 3.130012e-01 -4.897479e-01 5.907531e+01 -3.259340e-01 -1.227134e+00 1.186662e+00 2.653402e-02 -2.998007e-01 4.431348e-01 -1.549886e-01 -6.716286e-01 -8.078268e-03 -5.667873e-02 3.231204e-01 -2.344278e-01 1.211512e+00 -1.741506e-01 -4.898988e-01 4.874293e-01 -1.947527e-01 -1.618101e-01 8.144146e-02 -8.766413e-02 -1.097632e-01 -2.031599e-02 -1.685596e-02 9.003673e-02 -8.412646e-02 5.240072e-01
<VARIANCE> 39
 4.584800e+01 3.741440e+01 3.054935e+01 1.727407e+01 2.103311e+01 2.009909e+01 2.052759e+01 2.812636e+01 6.009511e+01 2.852470e+01 1.907318e+01 1.590302e+01 1.127175e+02 2.522907e+00 4.602419e+00 3.480247e+00 1.523952e+00 1.971692e+00 2.097543e+00 2.875466e+00 2.241239e+00 2.161083e+00 1.894804e+00 2.042244e+00 1.170920e+00 4.933541e+00 4.293799e-01 7.240790e-01 5.260105e-01 3.132645e-01 3.281829e-01 3.499371e-01 4.815904e-01 4.176623e-01 4.594937e-01 3.328863e-01 3.519155e-01 2.120675e-01 5.709632e-01
<GCONST> 1.151931e+02
<STATE> 3
<MEAN> 39
 -2.361742e+01 -1.371989e+01 1.430351e+01 -5.210001e+00 -3.830602e+00 5.398298e+00 2.588648e+00 -8.394867e+00 -1.562907e+00 -1.903102e+00 3.807133e+00 -2.694675e+00 7.503456e+01 -1.374527e+00 -1.494154e+00 1.713620e+00 -7.392430e-01 -3.197416e-01 1.479543e-01 1.292048e-02 -2.292651e-01 1.143982e-01 1.564402e-01 5.181275e-01 -5.887587e-01 1.466711e+00 1.861611e-01 2.367682e-01 -3.763175e-01 5.576583e-02 1.564414e-01 -1.850820e-01 -2.172419e-02 5.978641e-02 2.827138e-02 -3.831606e-02 -1.292273e-01 3.032306e-02 -2.157824e-01
<VARIANCE> 39
 6.741039e+01 5.546711e+01 5.780596e+01 3.726511e+01 3.059749e+01 1.742398e+01 3.541678e+01 4.049510e+01 5.267202e+01 3.469703e+01 2.115465e+01 2.249301e+01 6.725491e+01 3.544283e+00 2.812696e+00 4.893631e+00 1.898274e+00 1.783479e+00 1.652387e+00 2.228436e+00 2.067602e+00 2.079771e+00 1.897957e+00 2.076999e+00 1.272382e+00 2.468540e+00 4.154265e-01 4.306118e-01 6.257439e-01 3.934076e-01 3.119230e-01 3.229704e-01 3.675253e-01 4.101150e-01 3.136140e-01 2.718689e-01 2.851587e-01 2.243634e-01 2.137874e-01
<GCONST> 1.153315e+02
<STATE> 4
<MEAN> 39
 -1.637844e+01 -1.332294e+01 1.405294e+01 -2.795387e-01 2.613898e+00 2.921197e+00 -4.917056e+00 -9.426670e+00 -1.094025e+00 -6.073315e+00 3.789464e+00 -3.262930e+00 7.881882e+01 7.209639e-01 2.239123e-01 -4.073413e-01 2.989163e-01 3.207937e-01 -1.581854e-01 -3.536872e-01 -1.937540e-01 -2.175787e-01 -1.574699e-01 -4.860571e-02 1.343607e-01 9.088350e-02 1.244935e-01 1.704698e-01 -1.453188e-01 2.125492e-02 -2.022056e-02 -4.478659e-03 4.509389e-02 3.979797e-02 -3.825125e-02 8.470399e-03 -5.762539e-02 4.435572e-02 -8.833390e-02
<VARIANCE> 39
 1.279858e+02 6.533041e+01 4.922768e+01 8.486314e+01 6.639579e+01 4.561095e+01 9.016425e+01 5.002532e+01 9.755176e+01 7.927913e+01 4.497062e+01 3.443185e+01 3.891953e+01 7.288746e+00 4.038623e+00 2.781151e+00 6.008228e+00 3.362349e+00 2.419585e+00 4.355494e+00 2.683683e+00 3.667751e+00 3.074544e+00 2.423164e+00 1.611540e+00 1.359547e+00 8.154137e-01 6.301978e-01 3.509813e-01 7.792112e-01 4.484988e-01 4.285450e-01 6.365103e-01 4.417348e-01 5.876591e-01 4.759638e-01 4.190661e-01 2.566347e-01 1.567265e-01
<GCONST> 1.300437e+02
<TRANSP> 5
 0.000000e+00 1.000000e+00 0.000000e+00 0.000000e+00 0.000000e+00
 0.000000e+00 6.890901e-01 3.109098e-01 0.000000e+00 0.000000e+00
 0.000000e+00 0.000000e+00 7.600412e-01 2.399588e-01 0.000000e+00
 0.000000e+00 0.000000e+00 0.000000e+00 9.282888e-01 7.171119e-02
 0.000000e+00 0.000000e+00 0.000000e+00 0.000000e+00 0.000000e+00
<ENDHMM>
~h "t"
<BEGINHMM>
<NUMSTATES> 5
<STATE> 2
<MEAN> 39
 -1.292438e+01 -5.734253e+00 5.169109e+00 -7.767150e-01 1.276148e+00 2.112210e+00 -3.548447e+00 -8.132039e+00 2.788106e+00 -4.650981e+00 -1.454687e-01 -1.796240e+00 7.163133e+01 9.209675e-01 -4.210170e-01 1.020255e-01 -1.224361e-01 -2.389390e-01 -3.155946e-01 -3.214421e-01 -3.970010e-01 -4.625239e-01 -4.159172e-01 -1.547269e-01 1.609961e-01 1.406220e+00 1.850708e-01 1.196520e-01 -7.403097e-02 -6.618329e-02 -1.885053e-02 -6.240435e-02 4.608496e-02 1.183253e-01 1.365216e-02 1.049312e-04 -5.707074e-02 6.433757e-02 1.091528e-02
<VARIANCE> 39
 6.572151e+01 8.386710e+01 5.651551e+01 7.727215e+01 7.642342e+01 4.727009e+01 5.448538e+01 4.390683e+01 1.236490e+02 4.668011e+01 5.673063e+01 2.690038e+01 8.122190e+01 6.710714e+00 6.580552e+00 5.060015e+00 6.005704e+00 4.667646e+00 3.799167e+00 5.239313e+00 5.230878e+00 4.995056e+00 3.534997e+00 3.498702e+00 1.794230e+00 9.182765e+00 8.709253e-01 1.040950e+00 8.852845e-01 9.828126e-01 9.127506e-01 6.888801e-01 8.366753e-01 1.005171e+00 7.689164e-01 5.361770e-01 5.691588e-01 2.782731e-01 1.342227e+00
<GCONST> 1.420390e+02
<STATE> 3
<MEAN> 39
 -4.838064e+00 -1.152882e+01 1.995665e+00 -7.684713e+00 -4.227370e+00 -3.705009e+00 4.035728e+00 -1.245701e+01 -6.270581e+00 -3.036764e+00 4.300142e-01 3.496169e+00 8.257691e+01 2.952873e-01 1.108929e-01 -7.777084e-02 5.251111e-02 4.927156e-02 -6.040562e-02 -3.253783e-02 7.507768e-02 -4.434080e-02 -2.296845e-01 -1.298735e-02 2.159152e-01 1.551929e-02 -2.645518e-01 6.607874e-02 -7.804949e-03 -1.458482e-02 4.163028e-02 1.344622e-01 -2.521988e-03 7.355454e-02 1.385280e-01 1.488512e-02 1.806909e-02 -6.194891e-02 -2.187141e-01
<VARIANCE> 39
 8.247356e+01 5.002851e+01 6.826740e+01 5.069781e+01 1.995776e+01 2.371354e+01 5.414634e+01 3.209336e+01 4.820037e+01 5.894294e+01 5.533639e+01 1.425299e+01 1.692124e+01 4.469432e+00 2.948131e+00 2.407003e+00 2.864666e+00 1.297027e+00 2.009106e+00 2.460020e+00 2.101893e+00 1.980781e+00 2.634910e+00 2.024297e+00 1.065051e+00 1.379490e+00 6.085652e-01 4.804964e-01 3.047016e-01 4.519587e-01 2.490160e-01 4.084879e-01 4.294683e-01 3.138639e-01 4.072654e-01 4.685635e-01 2.849298e-01 1.842660e-01 2.998772e-01
<GCONST> 1.157655e+02
<STATE> 4
<MEAN> 39
 -7.196765e+00 -9.330040e+00 1.853323e+00 -7.805586e+00 -4.129320e+00 1.000009e+00 -3.133615e+00 -1.581173e+00 3.501732e+00 -1.135107e+01 6.990570e-01 3.153404e+00 8.014093e+01 -3.817704e-01 2.189528e-01 -9.126677e-02 1.365397e-01 2.820292e-01 3.608985e-01 2.351649e-01 2.874000e-02 1.441575e-01 1.577695e-01 -1.049103e-02 -2.158358e-02 -5.233591e-01 -3.541668e-02 -1.309173e-02 -7.262362e-03 1.749581e-02 4.343361e-02 -1.876835e-03 -1.129372e-02 -5.197450e-02 -1.607012e-02 4.361330e-02 1.776086e-02 -3.995320e-02 -4.126529e-02
<VARIANCE> 39
 7.012969e+01 8.213730e+01 3.189251e+01 6.274405e+01 4.203367e+01 3.979002e+01 5.526483e+01 4.774975e+01 5.098800e+01 5.031685e+01 3.017565e+01 3.536997e+01 7.819911e+01 1.625017e+00 2.808801e+00 1.850863e+00 1.719922e+00 2.369915e+00 1.654137e+00 2.700338e+00 2.447545e+00 2.270466e+00 2.126804e+00 1.584902e+00 1.100438e+00 2.102336e+00 2.051959e-01 3.603922e-01 3.046139e-01 2.513706e-01 3.573193e-01 2.749010e-01 4.624821e-01 4.114784e-01 4.119152e-01 3.945304e-01 2.835391e-01 2.181736e-01 1.604917e-01
<GCONST> 1.156415e+02
<TRANSP> 5
 0.000000e+00 1.000000e+00 0.000000e+00 0.000000e+00 0.000000e+00
 0.000000e+00 9.128791e-01 8.712087e-02 0.000000e+00 0.000000e+00
 0.000000e+00 0.000000e+00 9.044359e-01 9.556410e-02 0.000000e+00
 0.000000e+00 0.000000e+00 0.000000e+00 9.002546e-01 9.974539e-02
 0.000000e+00 0.000000e+00 0.000000e+00 0.000000e+00 0.000000e+00
<ENDHMM>
~h "u"
<BEGINHMM>
<NUMSTATES> 5
<STATE> 2
<MEAN> 39
 -1.069883e+01 1.938924e+00 6.719101e+00 5.594674e+00 5.796301e+00 3.010340e+00 -8.498315e-01 -4.322646e+00 -4.018645e+00 -6.501502e+00 1.428264e+00 -8.712864e-01 6.771233e+01 9.359608e-01 -5.230660e-01 1.565671e-01 1.829214e-01 -3.069402e-02 -2.091177e-01 -6.782841e-01 -3.879928e-01 -5.539463e-01 -4.659733e-01 -4.482029e-01 -8.775089e-02 1.480109e+00 1.362743e-01 -2.510844e-01 -7.364213e-02 -2.395148e-01 -1.308192e-01 -2.070677e-01 -1.785045e-01 -4.927982e-02 -1.343585e-02 -9.750821e-02 -8.668962e-02 1.614432e-02 3.585487e-01
<VARIANCE> 39
 3.884349e+01 8.165614e+01 3.920613e+01 4.517925e+01 3.475597e+01 3.531230e+01 3.225991e+01 2.569257e+01 6.344611e+01 3.551398e+01 3.074328e+01 1.340300e+01 5.846398e+01 4.683641e+00 1.251755e+01 3.116864e+00 4.618027e+00 4.185329e+00 2.828454e+00 4.546925e+00 2.605337e+00 5.051268e+00 3.729960e+00 4.028267e+00 1.873815e+00 7.487771e+00 6.789518e-01 1.351324e+00 5.878513e-01 6.482873e-01 7.889533e-01 6.048003e-01 6.394736e-01 4.474208e-01 7.358112e-01 5.034654e-01 5.407864e-01 3.020528e-01 9.000901e-01
<GCONST> 1.315607e+02
<STATE> 3
<MEAN> 39
 -5.535861e+00 -5.135988e+00 3.079701e+00 -6.543688e-01 1.455514e+00 -6.302682e-01 -2.708956e+00 -7.717834e+00 -7.243990e+00 -8.787958e+00 -6.850289e-01 1.403331e-01 7.751487e+01 2.102215e+00 -8.098004e-01 -4.143587e-01 -8.587878e-01 -4.357307e-01 -1.155531e+00 -7.909609e-01 -3.139294e-01 -4.992168e-01 -2.048026e-01 -6.906228e-01 2.781503e-01 2.325714e+00 -2.965453e-01 3.029241e-01 -1.952763e-02 -3.693347e-02 1.035527e-01 -4.098545e-02 2.489056e-01 2.368197e-01 3.871620e-01 3.334799e-01 1.303765e-01 7.463907e-02 -6.965489e-01
<VARIANCE> 39
 2.665251e+01 3.844241e+01 3.740544e+01 1.168588e+02 1.042740e+02 4.961050e+01 1.096929e+02 3.771666e+01 8.757064e+01 5.404874e+01 6.534418e+01 1.709875e+01 2.888086e+01 2.924576e+00 4.818123e+00 3.526074e+00 3.023693e+00 4.431359e+00 2.960714e+00 5.494195e+00 4.213478e+00 3.552786e+00 5.568688e+00 4.976593e+00 2.716912e+00 7.782039e+00 5.261445e-01 6.598984e-01 5.292246e-01 6.329504e-01 8.593743e-01 5.815190e-01 7.818746e-01 6.446979e-01 6.330248e-01 8.416485e-01 5.840924e-01 3.895636e-01 7.787473e-01
<GCONST> 1.351941e+02
<STATE> 4
<MEAN> 39
 -4.172911e+00 -6.010264e+00 5.591759e+00 -2.072949e+00 1.366901e+00 3.254148e+00 -6.894565e+00 -6.601690e+00 4.343615e+00 -1.237671e+01 -3.542782e+00 1.544104e+00 7.809017e+01 -7.849910e-02 2.044299e-01 -1.518280e-01 -1.157931e-01 -3.573810e-02 4.610494e-02 1.571501e-01 9.084886e-02 1.335975e-01 2.194225e-01 1.794692e-01 2.641777e-02 -2.083866e-01 -1.337410e-01 6.058005e-02 2.089851e-02 3.067209e-02 1.957746e-02 7.118921e-02 7.768385e-02 2.757671e-02 2.776963e-02 4.512423e-02 7.020842e-02 -1.073335e-02 -1.502168e-01
<VARIANCE> 39
 2.592081e+01 8.039314e+01 4.918341e+01 7.463717e+01 9.204891e+01 7.452222e+01 9.071336e+01 5.906695e+01 1.053957e+02 6.501058e+01 8.014803e+01 4.324967e+01 7.705434e+01 1.228510e+00 3.544747e+00 1.625575e+00 2.215836e+00 3.016390e+00 2.838309e+00 4.323668e+00 2.881867e+00 2.521908e+00 3.390678e+00 2.952286e+00 2.121399e+00 2.691643e+00 2.031393e-01 5.564634e-01 2.450066e-01 3.288665e-01 4.317347e-01 4.678905e-01 7.755010e-01 5.551137e-01 4.259168e-01 5.916690e-01 4.781387e-01 3.229827e-01 3.679301e-01
<GCONST> 1.272812e+02
<TRANSP> 5
 0.000000e+00 1.000000e+00 0.000000e+00 0.000000e+00 0.000000e+00
 0.000000e+00 7.573391e-01 2.426609e-01 0.000000e+00 0.000000e+00
 0.000000e+00 0.000000e+00 6.359963e-01 3.640037e-01 0.000000e+00
 0.000000e+00 0.000000e+00 0.000000e+00 9.051898e-01 9.481017e-02
 0.000000e+00 0.000000e+00 0.000000e+00 0.000000e+00 0.000000e+00
<ENDHMM>
~h "w"
<BEGINHMM>
<NUMSTATES> 5
<STATE> 2
<MEAN> 39
 -2.560010e+00 -5.421168e+00 5.707943e+00 -1.450426e+00 3.925941e+00 2.975821e+00 -8.119635e+00 -7.752093e+00 2.677459e+00 -7.973814e+00 -5.858600e+00 -2.360336e+00 8.123533e+01 1.540341e-01 1.199542e-01 -3.756523e-01 -5.239189e-01 -4.310246e-01 -1.892641e-01 8.348694e-02 6.082925e-01 -1.470672e-01 -3.338001e-01 5.558006e-01 3.388197e-01 8.772239e-02 -1.419386e-01 4.275239e-02 1.831414e-02 1.429086e-01 -5.539580e-02 6.538316e-02 6.930851e-02 9.792000e-02 2.675064e-02 -2.364388e-02 5.050692e-02 -5.742200e-04 -1.055887e-01
<VARIANCE> 39
 5.504035e+00 4.743296e+01 3.821648e+01 7.094560e+01 1.138550e+02 9.966382e+01 5.187394e+01 8.264398e+01 1.625722e+02 2.656264e+01 9.663317e+01 6.457201e+01 2.489851e+01 4.887176e-01 1.375389e+00 1.644567e+00 2.040063e+00 3.703358e+00 4.588964e+00 2.192110e+00 3.676381e+00 3.523940e+00 1.739204e+00 2.735535e+00 2.180674e+00 6.624596e-01 1.109678e-01 2.439387e-01 2.791270e-01 3.088378e-01 5.134709e-01 6.501843e-01 3.762636e-01 5.682409e-01 5.381238e-01 3.216809e-01 5.819695e-01 3.410357e-01 1.179656e-01
<GCONST> 1.178830e+02
<STATE> 3
<MEAN> 39
 -2.931522e+00 -5.321670e+00 3.293165e+00 -5.604182e+00 -7.280189e-01 2.141232e+00 -3.859494e+00 -2.695084e+00 -1.620902e-01 -1.428583e+01 -3.880175e+00 1.922487e+00 8.184358e+01 -1.850910e-01 3.175484e-01 2.597216e-01 3.410062e-01 1.463878e-01 3.094652e-01 1.056534e-01 -5.491031e-02 8.990099e-02 -1.441812e-01 -7.765625e-02 -8.829507e-02 -3.128743e-01 -2.793660e-02 3.757184e-02 5.639638e-02 2.493181e-02 -2.594478e-05 3.151963e-02 5.072674e-02 -1.966167e-02 9.132384e-02 1.103279e-01 -6.897640e-02 -3.852972e-02 -5.063327e-02
<VARIANCE> 39
 5.368867e+00 4.708681e+01 2.444293e+01 6.690268e+01 3.611129e+01 4.874138e+01 2.366724e+01 7.894321e+01 6.375820e+01 4.265628e+01 7.102959e+01 6.618461e+01 2.913489e+01 3.121394e-01 1.513015e+00 1.077591e+00 2.870755e+00 1.970869e+00 2.692894e+00 1.506262e+00 2.987546e+00 2.223350e+00 1.985958e+00 4.609978e+00 4.387311e+00 1.123130e+00 5.777417e-02 1.700197e-01 1.579727e-01 3.731368e-01 2.459394e-01 3.888696e-01 2.141301e-01 3.541141e-01 4.004697e-01 3.469972e-01 6.570458e-01 6.115904e-01 1.395328e-01
<GCONST> 1.102762e+02
<STATE> 4
<MEAN> 39
 -3.269834e+00 -7.055248e+00 6.723722e+00 -5.883334e+00 -2.302337e+00 3.189418e+00 -6.217164e+00 -4.300139e-01 4.076401e+00 -1.741455e+01 -1.733191e+00 5.357517e+00 8.021614e+01 -5.300683e-01 5.332274e-01 4.209530e-02 2.277240e-01 3.332473e-02 3.261211e-01 6.959784e-01 -7.737449e-02 3.819728e-01 4.821688e-01 -1.060605e-01 -2.107604e-01 -7.839521e-01 -5.660599e-02 -5.460508e-03 -4.053148e-03 2.009049e-05 -2.759856e-03 -8.018012e-02 2.912830e-02 -3.694162e-02 1.974580e-02 1.041117e-01 -1.037986e-02 -7.941718e-02 -5.659986e-02
<VARIANCE> 39
 1.879475e+01 7.195428e+01 4.600836e+01 6.103291e+01 7.171741e+01 6.871851e+01 9.055859e+01 4.471037e+01 7.601234e+01 5.303925e+01 6.752593e+01 4.698175e+01 4.542426e+01 9.645742e-01 2.840359e+00 2.149189e+00 1.780429e+00 2.009889e+00 2.347571e+00 3.972286e+00 1.858719e+00 3.297553e+00 2.575582e+00 2.508733e+00 1.679923e+00 1.789157e+00 9.145018e-02 3.492210e-01 2.626595e-01 2.661372e-01 3.032540e-01 3.307068e-01 6.786406e-01 3.015523e-01 4.508652e-01 3.771380e-01 4.015762e-01 2.950980e-01 1.642438e-01
<GCONST> 1.181745e+02
<TRANSP> 5
 0.000000e+00 1.000000e+00 0.000000e+00 0.000000e+00 0.000000e+00
 0.000000e+00 8.014853e-01 1.985147e-01 0.000000e+00 0.000000e+00
 0.000000e+00 0.000000e+00 8.546309e-01 1.453691e-01 0.000000e+00
 0.000000e+00 0.000000e+00 0.000000e+00 8.367988e-01 1.632012e-01
 0.000000e+00 0.000000e+00 0.000000e+00 0.000000e+00 0.000000e+00
<ENDHMM>
~h "y"
<BEGINHMM>
<NUMSTATES> 5
<STATE> 2
<MEAN> 39
 -1.581185e+01 1.690605e+00 4.330667e-01 1.818489e-01 2.081345e+00 2.651541e+00 3.211343e+00 -1.240398e+00 4.287028e+00 -7.646114e-01 1.254786e+00 -4.504044e-01 5.846444e+01 -3.248841e-01 -6.958439e-02 -3.970286e-01 -3.696772e-01 -2.596195e-01 -1.593634e-01 2.044072e-01 2.409596e-01 -4.889782e-02 1.782441e-02 -1.400980e-01 -1.946728e-01 -4.140364e-01 7.381962e-02 -6.075112e-03 3.655732e-02 4.654210e-02 -1.621274e-02 -2.660387e-02 -1.310749e-01 -8.180083e-02 -5.500315e-02 -8.867319e-02 -4.905788e-02 -2.058505e-02 6.564192e-02
<VARIANCE> 39
 4.650337e+01 2.738571e+01 1.296368e+01 2.951277e+01 1.936202e+01 2.513242e+01 1.774383e+01 4.150662e+01 3.269577e+01 3.006235e+01 1.806565e+01 1.551537e+01 1.460820e+02 2.736177e-01 5.619623e-01 5.093889e-01 6.607121e-01 9.741588e-01 1.078394e+00 1.284848e+00 9.652069e-01 8.721939e-01 8.173064e-01 8.744108e-01 8.408253e-01 2.719833e-01 3.355845e-02 8.466037e-02 9.258709e-02 1.282732e-01 1.370471e-01 1.591581e-01 2.109852e-01 1.608842e-01 1.805140e-01 1.499010e-01 1.406905e-01 1.796389e-01 2.022220e-02
<GCONST> 8.173491e+01
<STATE> 3
<MEAN> 39
 -1.794844e+01 6.311964e-01 -1.232280e+00 -1.141546e+00 6.005971e-01 2.402815e+00 4.211574e+00 1.387150e+00 4.289130e+00 5.044314e-01 1.416083e+00 -1.045904e-01 5.912239e+01 -8.060998e-02 6.502938e-03 -1.587003e-01 -1.146014e-01 -1.232075e-01 -3.202761e-02 9.295626e-02 3.627962e-02 -3.587178e-02 -6.109327e-03 -1.188418e-01 -6.855571e-02 -1.048507e-01 2.628946e-02 4.377873e-02 4.546962e-02 9.447601e-02 7.903767e-02 1.876898e-02 -6.737532e-02 -8.905582e-03 6.987035e-03 -3.216695e-02 2.734366e-03 -2.242642e-02 1.473764e-02
<VARIANCE> 39
 4.363898e+01 1.689123e+01 1.104152e+01 1.595771e+01 1.652043e+01 2.139910e+01 1.046442e+01 4.200099e+01 2.956688e+01 2.368842e+01 1.852123e+01 1.080448e+01 1.061378e+02 1.348468e-01 2.789004e-01 3.306384e-01 3.724132e-01 6.979384e-01 7.971355e-01 9.384460e-01 8.711194e-01 8.220102e-01 6.972114e-01 7.813364e-01 8.156403e-01 1.027035e-01 1.764375e-02 6.728558e-02 7.487189e-02 1.053487e-01 1.155657e-01 1.568608e-01 2.263478e-01 1.737743e-01 1.920953e-01 1.867115e-01 1.528520e-01 2.010282e-01 1.831536e-02
<GCONST> 7.283927e+01
<STATE> 4
<MEAN> 39
 -1.098002e+01 -2.496323e+00 -2.732318e-01 -3.222374e+00 -1.530616e+00 5.414629e-01 3.426318e+00 -3.751723e+00 4.304626e-01 -2.004727e+00 -1.401236e+00 1.354486e+00 6.810738e+01 -7.233359e-02 3.472119e-01 -2.734855e-01 1.426922e-01 -3.269682e-02 -5.483044e-02 -4.799657e-02 1.485133e-01 7.416859e-02 -2.140561e-01 -4.741167e-01 -3.525348e-01 -2.867017e-01 4.512579e-02 1.289912e-01 1.117311e-01 1.304838e-01 1.840088e-01 2.326360e-02 -2.555667e-01 -1.377426e-02 -3.363545e-02 -2.359829e-01 -1.834769e-02 -1.161291e-01 6.258734e-03
<VARIANCE> 39
 8.840955e+01 3.290612e+01 2.080186e+01 3.534018e+01 2.809138e+01 3.601359e+01 1.519124e+01 6.376867e+01 5.446837e+01 4.187131e+01 5.081113e+01 1.183487e+01 2.033104e+02 1.554563e-01 5.965394e-01 4.509009e-01 4.865024e-01 1.157007e+00 1.041646e+00 1.285460e+00 9.213654e-01 8.936005e-01 6.905557e-01 6.852835e-01 9.304904e-01 2.108256e-01 7.251640e-02 2.551513e-01 1.180430e-01 2.255107e-01 1.439163e-01 1.798776e-01 3.101162e-01 2.912711e-01 2.959686e-01 2.343883e-01 1.901646e-01 2.215589e-01 1.686058e-01
<GCONST> 9.217613e+01
<TRANSP> 5
 0.000000e+00 1.000000e+00 0.000000e+00 0.000000e+00 0.000000e+00
 0.000000e+00 6.915003e-01 3.084997e-01 0.000000e+00 0.000000e+00
 0.000000e+00 0.000000e+00 7.249030e-01 2.750970e-01 0.000000e+00
 0.000000e+00 0.000000e+00 0.000000e+00 7.227120e-02 9.277288e-01
 0.000000e+00 0.000000e+00 0.000000e+00 0.000000e+00 0.000000e+00
<ENDHMM>
~h "sp"
<BEGINHMM>
<NUMSTATES> 3
<STATE> 2
~s "silst"
<TRANSP> 3
 0.000000e+00 7.000000e-01 3.000000e-01
 0.000000e+00 9.000000e-01 9.999999e-02
 0.000000e+00 0.000000e+00 0.000000e+00
<ENDHMM>
~h "sy"
<BEGINHMM>
<NUMSTATES> 5
<STATE> 2
<MEAN> 39
 -2.060489e+01 1.295863e+00 -2.552518e+00 -9.168690e-01 1.211649e+00 2.427211e+00 2.701239e+00 -1.052391e+00 3.272287e+00 -1.567230e+00 5.332994e-01 -2.222620e+00 4.864697e+01 -1.949251e-02 -1.854482e-02 -3.689580e-03 -1.666808e-02 2.263376e-03 -9.397449e-03 8.856161e-03 1.404548e-02 2.786619e-02 1.639182e-02 -3.561184e-03 -7.730129e-03 1.852098e-02 3.556630e-03 -5.904408e-04 1.485402e-03 -1.672425e-03 2.162418e-03 2.177113e-03 -7.481728e-03 -1.386593e-03 6.265935e-03 8.960454e-04 6.779883e-04 1.011659e-02 5.297886e-03
<VARIANCE> 39
 1.083381e+00 2.353167e+00 3.929501e+00 3.640795e+00 6.761937e+00 6.325135e+00 8.262788e+00 1.736674e+01 1.191720e+01 1.220985e+01 7.392427e+00 8.671186e+00 4.028847e+01 9.023345e-02 2.278688e-01 3.048124e-01 3.587901e-01 5.477739e-01 5.899540e-01 6.987495e-01 7.408054e-01 7.934155e-01 6.490689e-01 7.929062e-01 6.543136e-01 9.086678e-02 1.862600e-02 4.941398e-02 6.576155e-02 7.569811e-02 1.218765e-01 1.253041e-01 1.454370e-01 1.541806e-01 1.617767e-01 1.320351e-01 1.637796e-01 1.336519e-01 1.367797e-02
<GCONST> 5.299620e+01
<STATE> 3
<MEAN> 39
 -2.103926e+01 4.739727e-01 -2.986022e+00 -2.333175e+00 3.654369e-01 2.021851e+00 2.269307e+00 5.122694e-01 2.937250e+00 5.294133e-01 -6.073934e-01 -8.657237e-01 5.128112e+01 3.885014e-02 -5.312936e-02 -1.541319e-02 4.582246e-02 -9.441932e-02 -5.743023e-02 -1.312707e-01 -1.955174e-01 -4.786176e-02 -2.546693e-01 -4.054491e-02 2.000980e-01 9.818102e-02 5.114206e-02 -6.247484e-02 -1.127250e-02 1.065870e-01 -1.436955e-01 -2.206952e-02 -3.562693e-02 -1.379481e-01 -2.509392e-01 -1.716591e-01 8.140104e-02 -1.364096e-01 9.790599e-03
<VARIANCE> 39
 1.743109e+00 3.550964e+00 8.209817e+00 4.790672e+00 9.921946e+00 4.537186e+00 1.034360e+01 2.264883e+01 2.110602e+01 1.142799e+01 1.250476e+01 5.073355e+00 3.195859e+01 7.696868e-02 1.932480e-01 2.343246e-01 1.980698e-01 4.501820e-01 6.339782e-01 8.758686e-01 9.871172e-01 1.178334e+00 4.660619e-01 3.716765e-01 4.585160e-01 1.875659e-01 4.133635e-02 1.375604e-01 1.404640e-01 9.583817e-02 1.477648e-01 9.215643e-02 1.684516e-01 2.395908e-01 2.354610e-01 1.688656e-01 1.464439e-01 9.501240e-02 1.001115e-01
<GCONST> 6.003056e+01
<STATE> 4
<MEAN> 39
 -1.908027e+01 -2.301223e-01 -3.460440e+00 -2.453897e+00 3.373905e-01 2.848894e+00 3.566061e+00 -1.551690e+00 3.844158e+00 -3.558154e+00 4.905142e-01 -1.093568e+00 4.991240e+01 -1.553458e-02 -6.053507e-02 1.009122e-03 -2.726674e-03 -6.044993e-02 -2.611946e-02 -2.026483e-01 -1.267491e-01 -4.058767e-02 7.270968e-02 5.469344e-02 -1.075319e-01 -2.922741e-02 -3.038324e-02 -7.219602e-02 1.214799e-01 5.824206e-02 -1.256816e-02 9.007793e-03 1.275633e-02 -3.058994e-02 -8.969386e-03 8.375311e-03 -3.549533e-02 -1.314694e-01 4.868352e-02
<VARIANCE> 39
 9.319868e+00 9.938598e+00 6.704544e+00 9.613279e+00 1.334038e+01 6.479326e+00 1.010702e+01 1.882733e+01 9.399872e+00 2.263893e+01 6.425801e+00 9.650549e+00 2.888180e+01 9.479331e-01 1.589389e+00 1.129654e+00 1.569315e+00 1.707544e+00 9.196775e-01 1.167765e+00 1.339713e+00 8.650413e-01 1.356534e+00 8.310836e-01 8.243121e-01 1.908283e+00 1.778236e-01 3.371680e-01 2.524651e-01 2.859052e-01 3.108598e-01 1.921957e-01 2.254295e-01 2.441760e-01 2.115390e-01 2.172926e-01 1.788867e-01 1.149917e-01 3.503371e-01
<GCONST> 8.606720e+01
<TRANSP> 5
 0.000000e+00 1.000000e+00 0.000000e+00 0.000000e+00 0.000000e+00
 0.000000e+00 9.792538e-01 2.074620e-02 0.000000e+00 0.000000e+00
 0.000000e+00 0.000000e+00 2.737080e-01 7.262920e-01 0.000000e+00
 0.000000e+00 0.000000e+00 0.000000e+00 6.124446e-01 3.875554e-01
 0.000000e+00 0.000000e+00 0.000000e+00 0.000000e+00 0.000000e+00
<ENDHMM>
~h "sil"
<BEGINHMM>
<NUMSTATES> 5
<STATE> 2
<MEAN> 39
 -1.572574e+01 1.326503e+00 -5.039031e+00 1.035511e+00 -2.312565e+00 2.788030e+00 -2.197036e+00 1.061419e+00 -1.813371e+00 5.512666e-01 -4.272920e-01 -9.132326e-04 2.477597e+01 6.072253e-02 -6.964862e-03 3.221672e-02 -2.353492e-02 3.922940e-02 -1.968069e-02 2.252869e-02 -3.443416e-02 3.588527e-03 6.424600e-03 -1.029075e-02 6.328295e-04 8.005589e-02 4.964791e-03 -6.947392e-04 3.251036e-03 1.721806e-04 2.555609e-03 3.534072e-03 2.356936e-03 -1.690950e-03 2.349280e-03 -4.442313e-04 3.602261e-03 3.237289e-03 9.262899e-03
<VARIANCE> 39
 1.717384e+02 2.784978e+00 2.338981e+01 5.159350e+00 1.223276e+01 8.900303e+00 1.179499e+01 9.636466e+00 7.291967e+00 4.724927e+00 3.935617e+00 3.559030e+00 4.243830e+02 1.245358e-01 8.674294e-02 1.328979e-01 1.743269e-01 2.342769e-01 2.950627e-01 3.506765e-01 3.810379e-01 4.040744e-01 4.030218e-01 3.861217e-01 3.537016e-01 1.347955e-01 1.548849e-02 1.701457e-02 2.525178e-02 3.514953e-02 4.704879e-02 6.052339e-02 7.179806e-02 7.631584e-02 8.334213e-02 8.075713e-02 7.704712e-02 7.319715e-02 9.163201e-03
<GCONST> 4.429841e+01
<STATE> 3
~s "silst"
<STATE> 4
<MEAN> 39
 -2.051336e+01 1.266793e+00 -2.590002e+00 -9.253102e-01 7.441760e-01 2.196256e+00 3.332741e+00 1.388416e+00 4.061224e+00 -3.383353e-02 8.782787e-01 -1.338768e+00 5.287171e+01 4.063994e-03 -8.348407e-03 4.325621e-03 -1.931855e-02 6.994543e-03 1.055299e-03 7.173659e-03 -6.638351e-03 9.220185e-03 -1.209139e-02 8.477179e-03 -1.710310e-03 1.171476e-01 7.798687e-03 -2.967764e-03 6.250747e-03 8.249637e-04 -7.946352e-04 -6.200827e-04 -6.049579e-03 -8.633267e-03 -6.267141e-03 -1.576799e-03 7.469560e-04 2.463892e-03 -1.624915e-02
<VARIANCE> 39
 3.042461e+00 3.520938e+00 5.517749e+00 5.113810e+00 7.501608e+00 7.563380e+00 8.872194e+00 2.374415e+01 1.147730e+01 1.665874e+01 7.243646e+00 8.196507e+00 5.569863e+01 1.179981e-01 2.104352e-01 3.259728e-01 4.209542e-01 5.284883e-01 6.537852e-01 7.326660e-01 8.987619e-01 8.774298e-01 7.764497e-01 7.234265e-01 6.995578e-01 4.725736e-01 2.796206e-02 4.187324e-02 6.168405e-02 8.379608e-02 1.078799e-01 1.334085e-01 1.490296e-01 1.819425e-01 1.811609e-01 1.587739e-01 1.479187e-01 1.404552e-01 5.030137e-02
<GCONST> 6.088134e+01
<TRANSP> 5
 0.000000e+00 1.000000e+00 0.000000e+00 0.000000e+00 0.000000e+00
 0.000000e+00 7.566277e-01 4.337225e-02 2.000000e-01 0.000000e+00
 0.000000e+00 0.000000e+00 7.047381e-01 2.952619e-01 0.000000e+00
 0.000000e+00 2.000000e-01 0.000000e+00 7.830526e-01 1.694743e-02
 0.000000e+00 0.000000e+00 0.000000e+00 0.000000e+00 0.000000e+00
<ENDHMM>
